#********************
#INIT PROFILE ( 9 5 5 7 1 13 11 0 10 7 14 7 12 4 4 5 10 4 14 15 8 10 13 8 2 11 5 8 5 5 10 5 )
PA:0:400K:GP:OD:PU:1|PA:1:400K:GP:PP:PD:1|PA:2:400K:GP:PP:PD:1|PA:3:400K:GP:OD:1|PA:4:400K:GP:PP:1|PA:5:400K:IN:PU|PA:6:400K:GP:OD:PD:1|PA:7:400K:GP:PP:0|PA:8:400K:GP:OD:PD:0|PA:9:400K:GP:OD:1|PA:10:400K:IN:PD|PA:11:400K:GP:OD:1|PA:12:400K:IN:FLOAT|PA:13:400K:GP:PP:PD:0|PA:14:400K:GP:PP:PD:0|PA:15:400K:GP:PP:PD:1|PB:0:400K:GP:OD:PD:0|PB:1:400K:GP:PP:PD:0|PB:2:400K:IN:PD|PB:3:400K:AN|PB:4:400K:GP:OD:PU:0|PB:5:400K:GP:OD:PD:0|PB:6:400K:IN:PU|PB:7:400K:GP:OD:PU:0|PB:8:400K:GP:PP:PU:0|PB:9:400K:GP:OD:PD:1|PB:10:400K:GP:PP:PD:1|PB:11:400K:GP:OD:PU:0|PB:12:400K:GP:PP:PD:1|PB:13:400K:GP:PP:PD:1|PB:14:400K:GP:OD:PD:0|PB:15:400K:GP:PP:PD:1
#********************
#BEGIN:: ROUND 1
0 5 5 7 1 13 11 0 10 7 14 7 12 4 4 5 10 4 14 15 8 10 13 8 2 11 5 8 5 5 10 5 6.624
1 5 5 7 1 13 11 0 10 7 14 7 12 4 4 5 10 4 14 15 8 10 13 8 2 11 5 8 5 5 10 5 5.92291
2 5 5 7 1 13 11 0 10 7 14 7 12 4 4 5 10 4 14 15 8 10 13 8 2 11 5 8 5 5 10 5 6.81926
3 5 5 7 1 13 11 0 10 7 14 7 12 4 4 5 10 4 14 15 8 10 13 8 2 11 5 8 5 5 10 5 5.92538
4 5 5 7 1 13 11 0 10 7 14 7 12 4 4 5 10 4 14 15 8 10 13 8 2 11 5 8 5 5 10 5 6.63098
5 5 5 7 1 13 11 0 10 7 14 7 12 4 4 5 10 4 14 15 8 10 13 8 2 11 5 8 5 5 10 5 6.11908
6 5 5 7 1 13 11 0 10 7 14 7 12 4 4 5 10 4 14 15 8 10 13 8 2 11 5 8 5 5 10 5 6.63201
7 5 5 7 1 13 11 0 10 7 14 7 12 4 4 5 10 4 14 15 8 10 13 8 2 11 5 8 5 5 10 5 5.92657
8 5 5 7 1 13 11 0 10 7 14 7 12 4 4 5 10 4 14 15 8 10 13 8 2 11 5 8 5 5 10 5 6.82173
9 5 5 7 1 13 11 0 10 7 14 7 12 4 4 5 10 4 14 15 8 10 13 8 2 11 5 8 5 5 10 5 5.92673
10 5 5 7 1 13 11 0 10 7 14 7 12 4 4 5 10 4 14 15 8 10 13 8 2 11 5 8 5 5 10 5 6.63219
11 5 5 7 1 13 11 0 10 7 14 7 12 4 4 5 10 4 14 15 8 10 13 8 2 11 5 8 5 5 10 5 6.0783
12 5 5 7 1 13 11 0 10 7 14 7 12 4 4 5 10 4 14 15 8 10 13 8 2 11 5 8 5 5 10 5 5.92644
13 5 5 7 1 13 11 0 10 7 14 7 12 4 4 5 10 4 14 15 8 10 13 8 2 11 5 8 5 5 10 5 5.92652
14 5 5 7 1 13 11 0 10 7 14 7 12 4 4 5 10 4 14 15 8 10 13 8 2 11 5 8 5 5 10 5 6.07925
15 5 5 7 1 13 11 0 10 7 14 7 12 4 4 5 10 4 14 15 8 10 13 8 2 11 5 8 5 5 10 5 5.92701
#LOWEST POWER: 5.92291 ( 1 5 5 7 1 13 11 0 10 7 14 7 12 4 4 5 10 4 14 15 8 10 13 8 2 11 5 8 5 5 10 5 )
#PA:0:400K:GP:PP:1|PA:1:400K:GP:PP:PD:1|PA:2:400K:GP:PP:PD:1|PA:3:400K:GP:OD:1|PA:4:400K:GP:PP:1|PA:5:400K:IN:PU|PA:6:400K:GP:OD:PD:1|PA:7:400K:GP:PP:0|PA:8:400K:GP:OD:PD:0|PA:9:400K:GP:OD:1|PA:10:400K:IN:PD|PA:11:400K:GP:OD:1|PA:12:400K:IN:FLOAT|PA:13:400K:GP:PP:PD:0|PA:14:400K:GP:PP:PD:0|PA:15:400K:GP:PP:PD:1|PB:0:400K:GP:OD:PD:0|PB:1:400K:GP:PP:PD:0|PB:2:400K:IN:PD|PB:3:400K:AN|PB:4:400K:GP:OD:PU:0|PB:5:400K:GP:OD:PD:0|PB:6:400K:IN:PU|PB:7:400K:GP:OD:PU:0|PB:8:400K:GP:PP:PU:0|PB:9:400K:GP:OD:PD:1|PB:10:400K:GP:PP:PD:1|PB:11:400K:GP:OD:PU:0|PB:12:400K:GP:PP:PD:1|PB:13:400K:GP:PP:PD:1|PB:14:400K:GP:OD:PD:0|PB:15:400K:GP:PP:PD:1
#END:: ROUND 1
#********************
#BEGIN:: ROUND 2
1 0 5 7 1 13 11 0 10 7 14 7 12 4 4 5 10 4 14 15 8 10 13 8 2 11 5 8 5 5 10 5 5.35473
1 1 5 7 1 13 11 0 10 7 14 7 12 4 4 5 10 4 14 15 8 10 13 8 2 11 5 8 5 5 10 5 5.73394
1 2 5 7 1 13 11 0 10 7 14 7 12 4 4 5 10 4 14 15 8 10 13 8 2 11 5 8 5 5 10 5 5.54753
1 3 5 7 1 13 11 0 10 7 14 7 12 4 4 5 10 4 14 15 8 10 13 8 2 11 5 8 5 5 10 5 5.73338
1 4 5 7 1 13 11 0 10 7 14 7 12 4 4 5 10 4 14 15 8 10 13 8 2 11 5 8 5 5 10 5 5.35475
1 5 5 7 1 13 11 0 10 7 14 7 12 4 4 5 10 4 14 15 8 10 13 8 2 11 5 8 5 5 10 5 5.92291
1 6 5 7 1 13 11 0 10 7 14 7 12 4 4 5 10 4 14 15 8 10 13 8 2 11 5 8 5 5 10 5 5.35518
1 7 5 7 1 13 11 0 10 7 14 7 12 4 4 5 10 4 14 15 8 10 13 8 2 11 5 8 5 5 10 5 5.4445
1 8 5 7 1 13 11 0 10 7 14 7 12 4 4 5 10 4 14 15 8 10 13 8 2 11 5 8 5 5 10 5 5.54761
1 9 5 7 1 13 11 0 10 7 14 7 12 4 4 5 10 4 14 15 8 10 13 8 2 11 5 8 5 5 10 5 5.4651
1 10 5 7 1 13 11 0 10 7 14 7 12 4 4 5 10 4 14 15 8 10 13 8 2 11 5 8 5 5 10 5 5.35566
1 11 5 7 1 13 11 0 10 7 14 7 12 4 4 5 10 4 14 15 8 10 13 8 2 11 5 8 5 5 10 5 5.35737
1 12 5 7 1 13 11 0 10 7 14 7 12 4 4 5 10 4 14 15 8 10 13 8 2 11 5 8 5 5 10 5 5.44509
1 13 5 7 1 13 11 0 10 7 14 7 12 4 4 5 10 4 14 15 8 10 13 8 2 11 5 8 5 5 10 5 5.46489
1 14 5 7 1 13 11 0 10 7 14 7 12 4 4 5 10 4 14 15 8 10 13 8 2 11 5 8 5 5 10 5 5.35691
1 15 5 7 1 13 11 0 10 7 14 7 12 4 4 5 10 4 14 15 8 10 13 8 2 11 5 8 5 5 10 5 5.31534
#LOWEST POWER: 5.31534 ( 1 15 5 7 1 13 11 0 10 7 14 7 12 4 4 5 10 4 14 15 8 10 13 8 2 11 5 8 5 5 10 5 )
#PA:0:400K:GP:PP:1|PA:1:400K:AN|PA:2:400K:GP:PP:PD:1|PA:3:400K:GP:OD:1|PA:4:400K:GP:PP:1|PA:5:400K:IN:PU|PA:6:400K:GP:OD:PD:1|PA:7:400K:GP:PP:0|PA:8:400K:GP:OD:PD:0|PA:9:400K:GP:OD:1|PA:10:400K:IN:PD|PA:11:400K:GP:OD:1|PA:12:400K:IN:FLOAT|PA:13:400K:GP:PP:PD:0|PA:14:400K:GP:PP:PD:0|PA:15:400K:GP:PP:PD:1|PB:0:400K:GP:OD:PD:0|PB:1:400K:GP:PP:PD:0|PB:2:400K:IN:PD|PB:3:400K:AN|PB:4:400K:GP:OD:PU:0|PB:5:400K:GP:OD:PD:0|PB:6:400K:IN:PU|PB:7:400K:GP:OD:PU:0|PB:8:400K:GP:PP:PU:0|PB:9:400K:GP:OD:PD:1|PB:10:400K:GP:PP:PD:1|PB:11:400K:GP:OD:PU:0|PB:12:400K:GP:PP:PD:1|PB:13:400K:GP:PP:PD:1|PB:14:400K:GP:OD:PD:0|PB:15:400K:GP:PP:PD:1
#END:: ROUND 2
#********************
#BEGIN:: ROUND 3
1 15 0 7 1 13 11 0 10 7 14 7 12 4 4 5 10 4 14 15 8 10 13 8 2 11 5 8 5 5 10 5 4.8875
1 15 1 7 1 13 11 0 10 7 14 7 12 4 4 5 10 4 14 15 8 10 13 8 2 11 5 8 5 5 10 5 5.12161
1 15 2 7 1 13 11 0 10 7 14 7 12 4 4 5 10 4 14 15 8 10 13 8 2 11 5 8 5 5 10 5 5.08088
1 15 3 7 1 13 11 0 10 7 14 7 12 4 4 5 10 4 14 15 8 10 13 8 2 11 5 8 5 5 10 5 5.12171
1 15 4 7 1 13 11 0 10 7 14 7 12 4 4 5 10 4 14 15 8 10 13 8 2 11 5 8 5 5 10 5 4.88831
1 15 5 7 1 13 11 0 10 7 14 7 12 4 4 5 10 4 14 15 8 10 13 8 2 11 5 8 5 5 10 5 5.31534
1 15 6 7 1 13 11 0 10 7 14 7 12 4 4 5 10 4 14 15 8 10 13 8 2 11 5 8 5 5 10 5 4.88817
1 15 7 7 1 13 11 0 10 7 14 7 12 4 4 5 10 4 14 15 8 10 13 8 2 11 5 8 5 5 10 5 4.88817
1 15 8 7 1 13 11 0 10 7 14 7 12 4 4 5 10 4 14 15 8 10 13 8 2 11 5 8 5 5 10 5 5.08135
1 15 9 7 1 13 11 0 10 7 14 7 12 4 4 5 10 4 14 15 8 10 13 8 2 11 5 8 5 5 10 5 5.01159
1 15 10 7 1 13 11 0 10 7 14 7 12 4 4 5 10 4 14 15 8 10 13 8 2 11 5 8 5 5 10 5 4.88774
1 15 11 7 1 13 11 0 10 7 14 7 12 4 4 5 10 4 14 15 8 10 13 8 2 11 5 8 5 5 10 5 4.88786
1 15 12 7 1 13 11 0 10 7 14 7 12 4 4 5 10 4 14 15 8 10 13 8 2 11 5 8 5 5 10 5 4.8884
1 15 13 7 1 13 11 0 10 7 14 7 12 4 4 5 10 4 14 15 8 10 13 8 2 11 5 8 5 5 10 5 5.01176
1 15 14 7 1 13 11 0 10 7 14 7 12 4 4 5 10 4 14 15 8 10 13 8 2 11 5 8 5 5 10 5 4.88888
1 15 15 7 1 13 11 0 10 7 14 7 12 4 4 5 10 4 14 15 8 10 13 8 2 11 5 8 5 5 10 5 4.8883
#LOWEST POWER: 4.8875 ( 1 15 0 7 1 13 11 0 10 7 14 7 12 4 4 5 10 4 14 15 8 10 13 8 2 11 5 8 5 5 10 5 )
#PA:0:400K:GP:PP:1|PA:1:400K:AN|PA:2:400K:GP:PP:0|PA:3:400K:GP:OD:1|PA:4:400K:GP:PP:1|PA:5:400K:IN:PU|PA:6:400K:GP:OD:PD:1|PA:7:400K:GP:PP:0|PA:8:400K:GP:OD:PD:0|PA:9:400K:GP:OD:1|PA:10:400K:IN:PD|PA:11:400K:GP:OD:1|PA:12:400K:IN:FLOAT|PA:13:400K:GP:PP:PD:0|PA:14:400K:GP:PP:PD:0|PA:15:400K:GP:PP:PD:1|PB:0:400K:GP:OD:PD:0|PB:1:400K:GP:PP:PD:0|PB:2:400K:IN:PD|PB:3:400K:AN|PB:4:400K:GP:OD:PU:0|PB:5:400K:GP:OD:PD:0|PB:6:400K:IN:PU|PB:7:400K:GP:OD:PU:0|PB:8:400K:GP:PP:PU:0|PB:9:400K:GP:OD:PD:1|PB:10:400K:GP:PP:PD:1|PB:11:400K:GP:OD:PU:0|PB:12:400K:GP:PP:PD:1|PB:13:400K:GP:PP:PD:1|PB:14:400K:GP:OD:PD:0|PB:15:400K:GP:PP:PD:1
#END:: ROUND 3
#********************
#BEGIN:: ROUND 4
1 15 0 0 1 13 11 0 10 7 14 7 12 4 4 5 10 4 14 15 8 10 13 8 2 11 5 8 5 5 10 5 4.88293
1 15 0 1 1 13 11 0 10 7 14 7 12 4 4 5 10 4 14 15 8 10 13 8 2 11 5 8 5 5 10 5 4.8836
1 15 0 2 1 13 11 0 10 7 14 7 12 4 4 5 10 4 14 15 8 10 13 8 2 11 5 8 5 5 10 5 5.07692
1 15 0 3 1 13 11 0 10 7 14 7 12 4 4 5 10 4 14 15 8 10 13 8 2 11 5 8 5 5 10 5 4.88297
1 15 0 4 1 13 11 0 10 7 14 7 12 4 4 5 10 4 14 15 8 10 13 8 2 11 5 8 5 5 10 5 4.88329
1 15 0 5 1 13 11 0 10 7 14 7 12 4 4 5 10 4 14 15 8 10 13 8 2 11 5 8 5 5 10 5 5.07848
1 15 0 6 1 13 11 0 10 7 14 7 12 4 4 5 10 4 14 15 8 10 13 8 2 11 5 8 5 5 10 5 4.88322
1 15 0 7 1 13 11 0 10 7 14 7 12 4 4 5 10 4 14 15 8 10 13 8 2 11 5 8 5 5 10 5 4.8875
1 15 0 8 1 13 11 0 10 7 14 7 12 4 4 5 10 4 14 15 8 10 13 8 2 11 5 8 5 5 10 5 5.07712
1 15 0 9 1 13 11 0 10 7 14 7 12 4 4 5 10 4 14 15 8 10 13 8 2 11 5 8 5 5 10 5 4.88303
1 15 0 10 1 13 11 0 10 7 14 7 12 4 4 5 10 4 14 15 8 10 13 8 2 11 5 8 5 5 10 5 4.88317
1 15 0 11 1 13 11 0 10 7 14 7 12 4 4 5 10 4 14 15 8 10 13 8 2 11 5 8 5 5 10 5 4.88305
1 15 0 12 1 13 11 0 10 7 14 7 12 4 4 5 10 4 14 15 8 10 13 8 2 11 5 8 5 5 10 5 4.88728
1 15 0 13 1 13 11 0 10 7 14 7 12 4 4 5 10 4 14 15 8 10 13 8 2 11 5 8 5 5 10 5 4.88334
1 15 0 14 1 13 11 0 10 7 14 7 12 4 4 5 10 4 14 15 8 10 13 8 2 11 5 8 5 5 10 5 4.88271
1 15 0 15 1 13 11 0 10 7 14 7 12 4 4 5 10 4 14 15 8 10 13 8 2 11 5 8 5 5 10 5 4.88293
#LOWEST POWER: 4.88271 ( 1 15 0 14 1 13 11 0 10 7 14 7 12 4 4 5 10 4 14 15 8 10 13 8 2 11 5 8 5 5 10 5 )
#PA:0:400K:GP:PP:1|PA:1:400K:AN|PA:2:400K:GP:PP:0|PA:3:400K:IN:PD|PA:4:400K:GP:PP:1|PA:5:400K:IN:PU|PA:6:400K:GP:OD:PD:1|PA:7:400K:GP:PP:0|PA:8:400K:GP:OD:PD:0|PA:9:400K:GP:OD:1|PA:10:400K:IN:PD|PA:11:400K:GP:OD:1|PA:12:400K:IN:FLOAT|PA:13:400K:GP:PP:PD:0|PA:14:400K:GP:PP:PD:0|PA:15:400K:GP:PP:PD:1|PB:0:400K:GP:OD:PD:0|PB:1:400K:GP:PP:PD:0|PB:2:400K:IN:PD|PB:3:400K:AN|PB:4:400K:GP:OD:PU:0|PB:5:400K:GP:OD:PD:0|PB:6:400K:IN:PU|PB:7:400K:GP:OD:PU:0|PB:8:400K:GP:PP:PU:0|PB:9:400K:GP:OD:PD:1|PB:10:400K:GP:PP:PD:1|PB:11:400K:GP:OD:PU:0|PB:12:400K:GP:PP:PD:1|PB:13:400K:GP:PP:PD:1|PB:14:400K:GP:OD:PD:0|PB:15:400K:GP:PP:PD:1
#END:: ROUND 4
#********************
#BEGIN:: ROUND 5
1 15 0 14 0 13 11 0 10 7 14 7 12 4 4 5 10 4 14 15 8 10 13 8 2 11 5 8 5 5 10 5 5.59627
1 15 0 14 1 13 11 0 10 7 14 7 12 4 4 5 10 4 14 15 8 10 13 8 2 11 5 8 5 5 10 5 4.88271
1 15 0 14 2 13 11 0 10 7 14 7 12 4 4 5 10 4 14 15 8 10 13 8 2 11 5 8 5 5 10 5 5.78434
1 15 0 14 3 13 11 0 10 7 14 7 12 4 4 5 10 4 14 15 8 10 13 8 2 11 5 8 5 5 10 5 4.88288
1 15 0 14 4 13 11 0 10 7 14 7 12 4 4 5 10 4 14 15 8 10 13 8 2 11 5 8 5 5 10 5 5.59699
1 15 0 14 5 13 11 0 10 7 14 7 12 4 4 5 10 4 14 15 8 10 13 8 2 11 5 8 5 5 10 5 5.07573
1 15 0 14 6 13 11 0 10 7 14 7 12 4 4 5 10 4 14 15 8 10 13 8 2 11 5 8 5 5 10 5 5.59705
1 15 0 14 7 13 11 0 10 7 14 7 12 4 4 5 10 4 14 15 8 10 13 8 2 11 5 8 5 5 10 5 4.88365
1 15 0 14 8 13 11 0 10 7 14 7 12 4 4 5 10 4 14 15 8 10 13 8 2 11 5 8 5 5 10 5 5.78526
1 15 0 14 9 13 11 0 10 7 14 7 12 4 4 5 10 4 14 15 8 10 13 8 2 11 5 8 5 5 10 5 4.88374
1 15 0 14 10 13 11 0 10 7 14 7 12 4 4 5 10 4 14 15 8 10 13 8 2 11 5 8 5 5 10 5 5.59745
1 15 0 14 11 13 11 0 10 7 14 7 12 4 4 5 10 4 14 15 8 10 13 8 2 11 5 8 5 5 10 5 5.11036
1 15 0 14 12 13 11 0 10 7 14 7 12 4 4 5 10 4 14 15 8 10 13 8 2 11 5 8 5 5 10 5 4.88328
1 15 0 14 13 13 11 0 10 7 14 7 12 4 4 5 10 4 14 15 8 10 13 8 2 11 5 8 5 5 10 5 4.88366
1 15 0 14 14 13 11 0 10 7 14 7 12 4 4 5 10 4 14 15 8 10 13 8 2 11 5 8 5 5 10 5 5.11055
1 15 0 14 15 13 11 0 10 7 14 7 12 4 4 5 10 4 14 15 8 10 13 8 2 11 5 8 5 5 10 5 4.88346
#LOWEST POWER: 4.88271 ( 1 15 0 14 1 13 11 0 10 7 14 7 12 4 4 5 10 4 14 15 8 10 13 8 2 11 5 8 5 5 10 5 )
#PA:0:400K:GP:PP:1|PA:1:400K:AN|PA:2:400K:GP:PP:0|PA:3:400K:IN:PD|PA:4:400K:GP:PP:1|PA:5:400K:IN:PU|PA:6:400K:GP:OD:PD:1|PA:7:400K:GP:PP:0|PA:8:400K:GP:OD:PD:0|PA:9:400K:GP:OD:1|PA:10:400K:IN:PD|PA:11:400K:GP:OD:1|PA:12:400K:IN:FLOAT|PA:13:400K:GP:PP:PD:0|PA:14:400K:GP:PP:PD:0|PA:15:400K:GP:PP:PD:1|PB:0:400K:GP:OD:PD:0|PB:1:400K:GP:PP:PD:0|PB:2:400K:IN:PD|PB:3:400K:AN|PB:4:400K:GP:OD:PU:0|PB:5:400K:GP:OD:PD:0|PB:6:400K:IN:PU|PB:7:400K:GP:OD:PU:0|PB:8:400K:GP:PP:PU:0|PB:9:400K:GP:OD:PD:1|PB:10:400K:GP:PP:PD:1|PB:11:400K:GP:OD:PU:0|PB:12:400K:GP:PP:PD:1|PB:13:400K:GP:PP:PD:1|PB:14:400K:GP:OD:PD:0|PB:15:400K:GP:PP:PD:1
#END:: ROUND 5
#********************
#BEGIN:: ROUND 6
1 15 0 14 1 0 11 0 10 7 14 7 12 4 4 5 10 4 14 15 8 10 13 8 2 11 5 8 5 5 10 5 4.88367
1 15 0 14 1 1 11 0 10 7 14 7 12 4 4 5 10 4 14 15 8 10 13 8 2 11 5 8 5 5 10 5 4.8836
1 15 0 14 1 2 11 0 10 7 14 7 12 4 4 5 10 4 14 15 8 10 13 8 2 11 5 8 5 5 10 5 5.07347
1 15 0 14 1 3 11 0 10 7 14 7 12 4 4 5 10 4 14 15 8 10 13 8 2 11 5 8 5 5 10 5 4.88376
1 15 0 14 1 4 11 0 10 7 14 7 12 4 4 5 10 4 14 15 8 10 13 8 2 11 5 8 5 5 10 5 4.88356
1 15 0 14 1 5 11 0 10 7 14 7 12 4 4 5 10 4 14 15 8 10 13 8 2 11 5 8 5 5 10 5 5.07556
1 15 0 14 1 6 11 0 10 7 14 7 12 4 4 5 10 4 14 15 8 10 13 8 2 11 5 8 5 5 10 5 4.88358
1 15 0 14 1 7 11 0 10 7 14 7 12 4 4 5 10 4 14 15 8 10 13 8 2 11 5 8 5 5 10 5 5.26575
1 15 0 14 1 8 11 0 10 7 14 7 12 4 4 5 10 4 14 15 8 10 13 8 2 11 5 8 5 5 10 5 5.07514
1 15 0 14 1 9 11 0 10 7 14 7 12 4 4 5 10 4 14 15 8 10 13 8 2 11 5 8 5 5 10 5 4.8838
1 15 0 14 1 10 11 0 10 7 14 7 12 4 4 5 10 4 14 15 8 10 13 8 2 11 5 8 5 5 10 5 4.88374
1 15 0 14 1 11 11 0 10 7 14 7 12 4 4 5 10 4 14 15 8 10 13 8 2 11 5 8 5 5 10 5 4.88358
1 15 0 14 1 12 11 0 10 7 14 7 12 4 4 5 10 4 14 15 8 10 13 8 2 11 5 8 5 5 10 5 5.2448
1 15 0 14 1 13 11 0 10 7 14 7 12 4 4 5 10 4 14 15 8 10 13 8 2 11 5 8 5 5 10 5 4.88271
1 15 0 14 1 14 11 0 10 7 14 7 12 4 4 5 10 4 14 15 8 10 13 8 2 11 5 8 5 5 10 5 4.88333
1 15 0 14 1 15 11 0 10 7 14 7 12 4 4 5 10 4 14 15 8 10 13 8 2 11 5 8 5 5 10 5 5.23266
#LOWEST POWER: 4.88271 ( 1 15 0 14 1 13 11 0 10 7 14 7 12 4 4 5 10 4 14 15 8 10 13 8 2 11 5 8 5 5 10 5 )
#PA:0:400K:GP:PP:1|PA:1:400K:AN|PA:2:400K:GP:PP:0|PA:3:400K:IN:PD|PA:4:400K:GP:PP:1|PA:5:400K:IN:PU|PA:6:400K:GP:OD:PD:1|PA:7:400K:GP:PP:0|PA:8:400K:GP:OD:PD:0|PA:9:400K:GP:OD:1|PA:10:400K:IN:PD|PA:11:400K:GP:OD:1|PA:12:400K:IN:FLOAT|PA:13:400K:GP:PP:PD:0|PA:14:400K:GP:PP:PD:0|PA:15:400K:GP:PP:PD:1|PB:0:400K:GP:OD:PD:0|PB:1:400K:GP:PP:PD:0|PB:2:400K:IN:PD|PB:3:400K:AN|PB:4:400K:GP:OD:PU:0|PB:5:400K:GP:OD:PD:0|PB:6:400K:IN:PU|PB:7:400K:GP:OD:PU:0|PB:8:400K:GP:PP:PU:0|PB:9:400K:GP:OD:PD:1|PB:10:400K:GP:PP:PD:1|PB:11:400K:GP:OD:PU:0|PB:12:400K:GP:PP:PD:1|PB:13:400K:GP:PP:PD:1|PB:14:400K:GP:OD:PD:0|PB:15:400K:GP:PP:PD:1
#END:: ROUND 6
#********************
#BEGIN:: ROUND 7
1 15 0 14 1 13 0 0 10 7 14 7 12 4 4 5 10 4 14 15 8 10 13 8 2 11 5 8 5 5 10 5 4.8838
1 15 0 14 1 13 1 0 10 7 14 7 12 4 4 5 10 4 14 15 8 10 13 8 2 11 5 8 5 5 10 5 4.88354
1 15 0 14 1 13 2 0 10 7 14 7 12 4 4 5 10 4 14 15 8 10 13 8 2 11 5 8 5 5 10 5 5.0752
1 15 0 14 1 13 3 0 10 7 14 7 12 4 4 5 10 4 14 15 8 10 13 8 2 11 5 8 5 5 10 5 4.88371
1 15 0 14 1 13 4 0 10 7 14 7 12 4 4 5 10 4 14 15 8 10 13 8 2 11 5 8 5 5 10 5 4.88354
1 15 0 14 1 13 5 0 10 7 14 7 12 4 4 5 10 4 14 15 8 10 13 8 2 11 5 8 5 5 10 5 5.07736
1 15 0 14 1 13 6 0 10 7 14 7 12 4 4 5 10 4 14 15 8 10 13 8 2 11 5 8 5 5 10 5 4.88392
1 15 0 14 1 13 7 0 10 7 14 7 12 4 4 5 10 4 14 15 8 10 13 8 2 11 5 8 5 5 10 5 4.88358
1 15 0 14 1 13 8 0 10 7 14 7 12 4 4 5 10 4 14 15 8 10 13 8 2 11 5 8 5 5 10 5 5.07512
1 15 0 14 1 13 9 0 10 7 14 7 12 4 4 5 10 4 14 15 8 10 13 8 2 11 5 8 5 5 10 5 4.88392
1 15 0 14 1 13 10 0 10 7 14 7 12 4 4 5 10 4 14 15 8 10 13 8 2 11 5 8 5 5 10 5 4.88412
1 15 0 14 1 13 11 0 10 7 14 7 12 4 4 5 10 4 14 15 8 10 13 8 2 11 5 8 5 5 10 5 4.88271
1 15 0 14 1 13 12 0 10 7 14 7 12 4 4 5 10 4 14 15 8 10 13 8 2 11 5 8 5 5 10 5 4.88394
1 15 0 14 1 13 13 0 10 7 14 7 12 4 4 5 10 4 14 15 8 10 13 8 2 11 5 8 5 5 10 5 4.88401
1 15 0 14 1 13 14 0 10 7 14 7 12 4 4 5 10 4 14 15 8 10 13 8 2 11 5 8 5 5 10 5 4.88371
1 15 0 14 1 13 15 0 10 7 14 7 12 4 4 5 10 4 14 15 8 10 13 8 2 11 5 8 5 5 10 5 4.88419
#LOWEST POWER: 4.88271 ( 1 15 0 14 1 13 11 0 10 7 14 7 12 4 4 5 10 4 14 15 8 10 13 8 2 11 5 8 5 5 10 5 )
#PA:0:400K:GP:PP:1|PA:1:400K:AN|PA:2:400K:GP:PP:0|PA:3:400K:IN:PD|PA:4:400K:GP:PP:1|PA:5:400K:IN:PU|PA:6:400K:GP:OD:PD:1|PA:7:400K:GP:PP:0|PA:8:400K:GP:OD:PD:0|PA:9:400K:GP:OD:1|PA:10:400K:IN:PD|PA:11:400K:GP:OD:1|PA:12:400K:IN:FLOAT|PA:13:400K:GP:PP:PD:0|PA:14:400K:GP:PP:PD:0|PA:15:400K:GP:PP:PD:1|PB:0:400K:GP:OD:PD:0|PB:1:400K:GP:PP:PD:0|PB:2:400K:IN:PD|PB:3:400K:AN|PB:4:400K:GP:OD:PU:0|PB:5:400K:GP:OD:PD:0|PB:6:400K:IN:PU|PB:7:400K:GP:OD:PU:0|PB:8:400K:GP:PP:PU:0|PB:9:400K:GP:OD:PD:1|PB:10:400K:GP:PP:PD:1|PB:11:400K:GP:OD:PU:0|PB:12:400K:GP:PP:PD:1|PB:13:400K:GP:PP:PD:1|PB:14:400K:GP:OD:PD:0|PB:15:400K:GP:PP:PD:1
#END:: ROUND 7
#********************
#BEGIN:: ROUND 8
1 15 0 14 1 13 11 0 10 7 14 7 12 4 4 5 10 4 14 15 8 10 13 8 2 11 5 8 5 5 10 5 4.88271
1 15 0 14 1 13 11 1 10 7 14 7 12 4 4 5 10 4 14 15 8 10 13 8 2 11 5 8 5 5 10 5 4.88365
1 15 0 14 1 13 11 2 10 7 14 7 12 4 4 5 10 4 14 15 8 10 13 8 2 11 5 8 5 5 10 5 5.07685
1 15 0 14 1 13 11 3 10 7 14 7 12 4 4 5 10 4 14 15 8 10 13 8 2 11 5 8 5 5 10 5 4.88418
1 15 0 14 1 13 11 4 10 7 14 7 12 4 4 5 10 4 14 15 8 10 13 8 2 11 5 8 5 5 10 5 4.8845
1 15 0 14 1 13 11 5 10 7 14 7 12 4 4 5 10 4 14 15 8 10 13 8 2 11 5 8 5 5 10 5 5.0782
1 15 0 14 1 13 11 6 10 7 14 7 12 4 4 5 10 4 14 15 8 10 13 8 2 11 5 8 5 5 10 5 4.8845
1 15 0 14 1 13 11 7 10 7 14 7 12 4 4 5 10 4 14 15 8 10 13 8 2 11 5 8 5 5 10 5 4.88526
1 15 0 14 1 13 11 8 10 7 14 7 12 4 4 5 10 4 14 15 8 10 13 8 2 11 5 8 5 5 10 5 5.07646
1 15 0 14 1 13 11 9 10 7 14 7 12 4 4 5 10 4 14 15 8 10 13 8 2 11 5 8 5 5 10 5 4.88452
1 15 0 14 1 13 11 10 10 7 14 7 12 4 4 5 10 4 14 15 8 10 13 8 2 11 5 8 5 5 10 5 4.88467
1 15 0 14 1 13 11 11 10 7 14 7 12 4 4 5 10 4 14 15 8 10 13 8 2 11 5 8 5 5 10 5 4.88415
1 15 0 14 1 13 11 12 10 7 14 7 12 4 4 5 10 4 14 15 8 10 13 8 2 11 5 8 5 5 10 5 4.88516
1 15 0 14 1 13 11 13 10 7 14 7 12 4 4 5 10 4 14 15 8 10 13 8 2 11 5 8 5 5 10 5 4.88469
1 15 0 14 1 13 11 14 10 7 14 7 12 4 4 5 10 4 14 15 8 10 13 8 2 11 5 8 5 5 10 5 4.88474
1 15 0 14 1 13 11 15 10 7 14 7 12 4 4 5 10 4 14 15 8 10 13 8 2 11 5 8 5 5 10 5 4.96169
#LOWEST POWER: 4.88271 ( 1 15 0 14 1 13 11 0 10 7 14 7 12 4 4 5 10 4 14 15 8 10 13 8 2 11 5 8 5 5 10 5 )
#PA:0:400K:GP:PP:1|PA:1:400K:AN|PA:2:400K:GP:PP:0|PA:3:400K:IN:PD|PA:4:400K:GP:PP:1|PA:5:400K:IN:PU|PA:6:400K:GP:OD:PD:1|PA:7:400K:GP:PP:0|PA:8:400K:GP:OD:PD:0|PA:9:400K:GP:OD:1|PA:10:400K:IN:PD|PA:11:400K:GP:OD:1|PA:12:400K:IN:FLOAT|PA:13:400K:GP:PP:PD:0|PA:14:400K:GP:PP:PD:0|PA:15:400K:GP:PP:PD:1|PB:0:400K:GP:OD:PD:0|PB:1:400K:GP:PP:PD:0|PB:2:400K:IN:PD|PB:3:400K:AN|PB:4:400K:GP:OD:PU:0|PB:5:400K:GP:OD:PD:0|PB:6:400K:IN:PU|PB:7:400K:GP:OD:PU:0|PB:8:400K:GP:PP:PU:0|PB:9:400K:GP:OD:PD:1|PB:10:400K:GP:PP:PD:1|PB:11:400K:GP:OD:PU:0|PB:12:400K:GP:PP:PD:1|PB:13:400K:GP:PP:PD:1|PB:14:400K:GP:OD:PD:0|PB:15:400K:GP:PP:PD:1
#END:: ROUND 8
#********************
#BEGIN:: ROUND 9
1 15 0 14 1 13 11 0 0 7 14 7 12 4 4 5 10 4 14 15 8 10 13 8 2 11 5 8 5 5 10 5 4.88441
1 15 0 14 1 13 11 0 1 7 14 7 12 4 4 5 10 4 14 15 8 10 13 8 2 11 5 8 5 5 10 5 4.88498
1 15 0 14 1 13 11 0 2 7 14 7 12 4 4 5 10 4 14 15 8 10 13 8 2 11 5 8 5 5 10 5 5.0801
1 15 0 14 1 13 11 0 3 7 14 7 12 4 4 5 10 4 14 15 8 10 13 8 2 11 5 8 5 5 10 5 4.88461
1 15 0 14 1 13 11 0 4 7 14 7 12 4 4 5 10 4 14 15 8 10 13 8 2 11 5 8 5 5 10 5 4.88456
1 15 0 14 1 13 11 0 5 7 14 7 12 4 4 5 10 4 14 15 8 10 13 8 2 11 5 8 5 5 10 5 5.08243
1 15 0 14 1 13 11 0 6 7 14 7 12 4 4 5 10 4 14 15 8 10 13 8 2 11 5 8 5 5 10 5 4.88448
1 15 0 14 1 13 11 0 7 7 14 7 12 4 4 5 10 4 14 15 8 10 13 8 2 11 5 8 5 5 10 5 4.88974
1 15 0 14 1 13 11 0 8 7 14 7 12 4 4 5 10 4 14 15 8 10 13 8 2 11 5 8 5 5 10 5 5.08012
1 15 0 14 1 13 11 0 9 7 14 7 12 4 4 5 10 4 14 15 8 10 13 8 2 11 5 8 5 5 10 5 4.88472
1 15 0 14 1 13 11 0 10 7 14 7 12 4 4 5 10 4 14 15 8 10 13 8 2 11 5 8 5 5 10 5 4.88271
1 15 0 14 1 13 11 0 11 7 14 7 12 4 4 5 10 4 14 15 8 10 13 8 2 11 5 8 5 5 10 5 4.88469
1 15 0 14 1 13 11 0 12 7 14 7 12 4 4 5 10 4 14 15 8 10 13 8 2 11 5 8 5 5 10 5 4.89007
1 15 0 14 1 13 11 0 13 7 14 7 12 4 4 5 10 4 14 15 8 10 13 8 2 11 5 8 5 5 10 5 4.88474
1 15 0 14 1 13 11 0 14 7 14 7 12 4 4 5 10 4 14 15 8 10 13 8 2 11 5 8 5 5 10 5 4.88426
1 15 0 14 1 13 11 0 15 7 14 7 12 4 4 5 10 4 14 15 8 10 13 8 2 11 5 8 5 5 10 5 4.88439
#LOWEST POWER: 4.88271 ( 1 15 0 14 1 13 11 0 10 7 14 7 12 4 4 5 10 4 14 15 8 10 13 8 2 11 5 8 5 5 10 5 )
#PA:0:400K:GP:PP:1|PA:1:400K:AN|PA:2:400K:GP:PP:0|PA:3:400K:IN:PD|PA:4:400K:GP:PP:1|PA:5:400K:IN:PU|PA:6:400K:GP:OD:PD:1|PA:7:400K:GP:PP:0|PA:8:400K:GP:OD:PD:0|PA:9:400K:GP:OD:1|PA:10:400K:IN:PD|PA:11:400K:GP:OD:1|PA:12:400K:IN:FLOAT|PA:13:400K:GP:PP:PD:0|PA:14:400K:GP:PP:PD:0|PA:15:400K:GP:PP:PD:1|PB:0:400K:GP:OD:PD:0|PB:1:400K:GP:PP:PD:0|PB:2:400K:IN:PD|PB:3:400K:AN|PB:4:400K:GP:OD:PU:0|PB:5:400K:GP:OD:PD:0|PB:6:400K:IN:PU|PB:7:400K:GP:OD:PU:0|PB:8:400K:GP:PP:PU:0|PB:9:400K:GP:OD:PD:1|PB:10:400K:GP:PP:PD:1|PB:11:400K:GP:OD:PU:0|PB:12:400K:GP:PP:PD:1|PB:13:400K:GP:PP:PD:1|PB:14:400K:GP:OD:PD:0|PB:15:400K:GP:PP:PD:1
#END:: ROUND 9
#********************
#BEGIN:: ROUND 10
1 15 0 14 1 13 11 0 10 0 14 7 12 4 4 5 10 4 14 15 8 10 13 8 2 11 5 8 5 5 10 5 4.88355
1 15 0 14 1 13 11 0 10 1 14 7 12 4 4 5 10 4 14 15 8 10 13 8 2 11 5 8 5 5 10 5 4.88397
1 15 0 14 1 13 11 0 10 2 14 7 12 4 4 5 10 4 14 15 8 10 13 8 2 11 5 8 5 5 10 5 5.07901
1 15 0 14 1 13 11 0 10 3 14 7 12 4 4 5 10 4 14 15 8 10 13 8 2 11 5 8 5 5 10 5 4.88361
1 15 0 14 1 13 11 0 10 4 14 7 12 4 4 5 10 4 14 15 8 10 13 8 2 11 5 8 5 5 10 5 4.88297
1 15 0 14 1 13 11 0 10 5 14 7 12 4 4 5 10 4 14 15 8 10 13 8 2 11 5 8 5 5 10 5 5.07991
1 15 0 14 1 13 11 0 10 6 14 7 12 4 4 5 10 4 14 15 8 10 13 8 2 11 5 8 5 5 10 5 4.88316
1 15 0 14 1 13 11 0 10 7 14 7 12 4 4 5 10 4 14 15 8 10 13 8 2 11 5 8 5 5 10 5 4.88271
1 15 0 14 1 13 11 0 10 8 14 7 12 4 4 5 10 4 14 15 8 10 13 8 2 11 5 8 5 5 10 5 5.07785
1 15 0 14 1 13 11 0 10 9 14 7 12 4 4 5 10 4 14 15 8 10 13 8 2 11 5 8 5 5 10 5 4.88302
1 15 0 14 1 13 11 0 10 10 14 7 12 4 4 5 10 4 14 15 8 10 13 8 2 11 5 8 5 5 10 5 4.88303
1 15 0 14 1 13 11 0 10 11 14 7 12 4 4 5 10 4 14 15 8 10 13 8 2 11 5 8 5 5 10 5 4.88298
1 15 0 14 1 13 11 0 10 12 14 7 12 4 4 5 10 4 14 15 8 10 13 8 2 11 5 8 5 5 10 5 4.88379
1 15 0 14 1 13 11 0 10 13 14 7 12 4 4 5 10 4 14 15 8 10 13 8 2 11 5 8 5 5 10 5 4.88327
1 15 0 14 1 13 11 0 10 14 14 7 12 4 4 5 10 4 14 15 8 10 13 8 2 11 5 8 5 5 10 5 4.88308
1 15 0 14 1 13 11 0 10 15 14 7 12 4 4 5 10 4 14 15 8 10 13 8 2 11 5 8 5 5 10 5 4.88306
#LOWEST POWER: 4.88271 ( 1 15 0 14 1 13 11 0 10 7 14 7 12 4 4 5 10 4 14 15 8 10 13 8 2 11 5 8 5 5 10 5 )
#PA:0:400K:GP:PP:1|PA:1:400K:AN|PA:2:400K:GP:PP:0|PA:3:400K:IN:PD|PA:4:400K:GP:PP:1|PA:5:400K:IN:PU|PA:6:400K:GP:OD:PD:1|PA:7:400K:GP:PP:0|PA:8:400K:GP:OD:PD:0|PA:9:400K:GP:OD:1|PA:10:400K:IN:PD|PA:11:400K:GP:OD:1|PA:12:400K:IN:FLOAT|PA:13:400K:GP:PP:PD:0|PA:14:400K:GP:PP:PD:0|PA:15:400K:GP:PP:PD:1|PB:0:400K:GP:OD:PD:0|PB:1:400K:GP:PP:PD:0|PB:2:400K:IN:PD|PB:3:400K:AN|PB:4:400K:GP:OD:PU:0|PB:5:400K:GP:OD:PD:0|PB:6:400K:IN:PU|PB:7:400K:GP:OD:PU:0|PB:8:400K:GP:PP:PU:0|PB:9:400K:GP:OD:PD:1|PB:10:400K:GP:PP:PD:1|PB:11:400K:GP:OD:PU:0|PB:12:400K:GP:PP:PD:1|PB:13:400K:GP:PP:PD:1|PB:14:400K:GP:OD:PD:0|PB:15:400K:GP:PP:PD:1
#END:: ROUND 10
#********************
#BEGIN:: ROUND 11
1 15 0 14 1 13 11 0 10 7 0 7 12 4 4 5 10 4 14 15 8 10 13 8 2 11 5 8 5 5 10 5 4.88364
1 15 0 14 1 13 11 0 10 7 1 7 12 4 4 5 10 4 14 15 8 10 13 8 2 11 5 8 5 5 10 5 4.88925
1 15 0 14 1 13 11 0 10 7 2 7 12 4 4 5 10 4 14 15 8 10 13 8 2 11 5 8 5 5 10 5 5.07954
1 15 0 14 1 13 11 0 10 7 3 7 12 4 4 5 10 4 14 15 8 10 13 8 2 11 5 8 5 5 10 5 4.88912
1 15 0 14 1 13 11 0 10 7 4 7 12 4 4 5 10 4 14 15 8 10 13 8 2 11 5 8 5 5 10 5 4.88276
1 15 0 14 1 13 11 0 10 7 5 7 12 4 4 5 10 4 14 15 8 10 13 8 2 11 5 8 5 5 10 5 5.08677
1 15 0 14 1 13 11 0 10 7 6 7 12 4 4 5 10 4 14 15 8 10 13 8 2 11 5 8 5 5 10 5 4.8832
1 15 0 14 1 13 11 0 10 7 7 7 12 4 4 5 10 4 14 15 8 10 13 8 2 11 5 8 5 5 10 5 4.89494
1 15 0 14 1 13 11 0 10 7 8 7 12 4 4 5 10 4 14 15 8 10 13 8 2 11 5 8 5 5 10 5 5.07972
1 15 0 14 1 13 11 0 10 7 9 7 12 4 4 5 10 4 14 15 8 10 13 8 2 11 5 8 5 5 10 5 4.88926
1 15 0 14 1 13 11 0 10 7 10 7 12 4 4 5 10 4 14 15 8 10 13 8 2 11 5 8 5 5 10 5 4.88052
1 15 0 14 1 13 11 0 10 7 11 7 12 4 4 5 10 4 14 15 8 10 13 8 2 11 5 8 5 5 10 5 4.88315
1 15 0 14 1 13 11 0 10 7 12 7 12 4 4 5 10 4 14 15 8 10 13 8 2 11 5 8 5 5 10 5 4.90503
1 15 0 14 1 13 11 0 10 7 13 7 12 4 4 5 10 4 14 15 8 10 13 8 2 11 5 8 5 5 10 5 4.88905
1 15 0 14 1 13 11 0 10 7 14 7 12 4 4 5 10 4 14 15 8 10 13 8 2 11 5 8 5 5 10 5 4.88271
1 15 0 14 1 13 11 0 10 7 15 7 12 4 4 5 10 4 14 15 8 10 13 8 2 11 5 8 5 5 10 5 4.88447
#LOWEST POWER: 4.88052 ( 1 15 0 14 1 13 11 0 10 7 10 7 12 4 4 5 10 4 14 15 8 10 13 8 2 11 5 8 5 5 10 5 )
#PA:0:400K:GP:PP:1|PA:1:400K:AN|PA:2:400K:GP:PP:0|PA:3:400K:IN:PD|PA:4:400K:GP:PP:1|PA:5:400K:IN:PU|PA:6:400K:GP:OD:PD:1|PA:7:400K:GP:PP:0|PA:8:400K:GP:OD:PD:0|PA:9:400K:GP:OD:1|PA:10:400K:GP:OD:PD:0|PA:11:400K:GP:OD:1|PA:12:400K:IN:FLOAT|PA:13:400K:GP:PP:PD:0|PA:14:400K:GP:PP:PD:0|PA:15:400K:GP:PP:PD:1|PB:0:400K:GP:OD:PD:0|PB:1:400K:GP:PP:PD:0|PB:2:400K:IN:PD|PB:3:400K:AN|PB:4:400K:GP:OD:PU:0|PB:5:400K:GP:OD:PD:0|PB:6:400K:IN:PU|PB:7:400K:GP:OD:PU:0|PB:8:400K:GP:PP:PU:0|PB:9:400K:GP:OD:PD:1|PB:10:400K:GP:PP:PD:1|PB:11:400K:GP:OD:PU:0|PB:12:400K:GP:PP:PD:1|PB:13:400K:GP:PP:PD:1|PB:14:400K:GP:OD:PD:0|PB:15:400K:GP:PP:PD:1
#END:: ROUND 11
#********************
#BEGIN:: ROUND 12
1 15 0 14 1 13 11 0 10 7 10 0 12 4 4 5 10 4 14 15 8 10 13 8 2 11 5 8 5 5 10 5 4.86862
1 15 0 14 1 13 11 0 10 7 10 1 12 4 4 5 10 4 14 15 8 10 13 8 2 11 5 8 5 5 10 5 4.86975
1 15 0 14 1 13 11 0 10 7 10 2 12 4 4 5 10 4 14 15 8 10 13 8 2 11 5 8 5 5 10 5 5.0629
1 15 0 14 1 13 11 0 10 7 10 3 12 4 4 5 10 4 14 15 8 10 13 8 2 11 5 8 5 5 10 5 4.86824
1 15 0 14 1 13 11 0 10 7 10 4 12 4 4 5 10 4 14 15 8 10 13 8 2 11 5 8 5 5 10 5 4.86633
1 15 0 14 1 13 11 0 10 7 10 5 12 4 4 5 10 4 14 15 8 10 13 8 2 11 5 8 5 5 10 5 5.06524
1 15 0 14 1 13 11 0 10 7 10 6 12 4 4 5 10 4 14 15 8 10 13 8 2 11 5 8 5 5 10 5 4.86516
1 15 0 14 1 13 11 0 10 7 10 7 12 4 4 5 10 4 14 15 8 10 13 8 2 11 5 8 5 5 10 5 4.88052
1 15 0 14 1 13 11 0 10 7 10 8 12 4 4 5 10 4 14 15 8 10 13 8 2 11 5 8 5 5 10 5 5.06024
1 15 0 14 1 13 11 0 10 7 10 9 12 4 4 5 10 4 14 15 8 10 13 8 2 11 5 8 5 5 10 5 4.86824
1 15 0 14 1 13 11 0 10 7 10 10 12 4 4 5 10 4 14 15 8 10 13 8 2 11 5 8 5 5 10 5 4.86654
1 15 0 14 1 13 11 0 10 7 10 11 12 4 4 5 10 4 14 15 8 10 13 8 2 11 5 8 5 5 10 5 4.86613
1 15 0 14 1 13 11 0 10 7 10 12 12 4 4 5 10 4 14 15 8 10 13 8 2 11 5 8 5 5 10 5 4.88037
1 15 0 14 1 13 11 0 10 7 10 13 12 4 4 5 10 4 14 15 8 10 13 8 2 11 5 8 5 5 10 5 4.86805
1 15 0 14 1 13 11 0 10 7 10 14 12 4 4 5 10 4 14 15 8 10 13 8 2 11 5 8 5 5 10 5 4.8662
1 15 0 14 1 13 11 0 10 7 10 15 12 4 4 5 10 4 14 15 8 10 13 8 2 11 5 8 5 5 10 5 4.86637
#LOWEST POWER: 4.86516 ( 1 15 0 14 1 13 11 0 10 7 10 6 12 4 4 5 10 4 14 15 8 10 13 8 2 11 5 8 5 5 10 5 )
#PA:0:400K:GP:PP:1|PA:1:400K:AN|PA:2:400K:GP:PP:0|PA:3:400K:IN:PD|PA:4:400K:GP:PP:1|PA:5:400K:IN:PU|PA:6:400K:GP:OD:PD:1|PA:7:400K:GP:PP:0|PA:8:400K:GP:OD:PD:0|PA:9:400K:GP:OD:1|PA:10:400K:GP:OD:PD:0|PA:11:400K:GP:OD:0|PA:12:400K:IN:FLOAT|PA:13:400K:GP:PP:PD:0|PA:14:400K:GP:PP:PD:0|PA:15:400K:GP:PP:PD:1|PB:0:400K:GP:OD:PD:0|PB:1:400K:GP:PP:PD:0|PB:2:400K:IN:PD|PB:3:400K:AN|PB:4:400K:GP:OD:PU:0|PB:5:400K:GP:OD:PD:0|PB:6:400K:IN:PU|PB:7:400K:GP:OD:PU:0|PB:8:400K:GP:PP:PU:0|PB:9:400K:GP:OD:PD:1|PB:10:400K:GP:PP:PD:1|PB:11:400K:GP:OD:PU:0|PB:12:400K:GP:PP:PD:1|PB:13:400K:GP:PP:PD:1|PB:14:400K:GP:OD:PD:0|PB:15:400K:GP:PP:PD:1
#END:: ROUND 12
#********************
#BEGIN:: ROUND 13
1 15 0 14 1 13 11 0 10 7 10 6 0 4 4 5 10 4 14 15 8 10 13 8 2 11 5 8 5 5 10 5 4.86061
1 15 0 14 1 13 11 0 10 7 10 6 1 4 4 5 10 4 14 15 8 10 13 8 2 11 5 8 5 5 10 5 4.86032
1 15 0 14 1 13 11 0 10 7 10 6 2 4 4 5 10 4 14 15 8 10 13 8 2 11 5 8 5 5 10 5 5.05589
1 15 0 14 1 13 11 0 10 7 10 6 3 4 4 5 10 4 14 15 8 10 13 8 2 11 5 8 5 5 10 5 4.85948
1 15 0 14 1 13 11 0 10 7 10 6 4 4 4 5 10 4 14 15 8 10 13 8 2 11 5 8 5 5 10 5 4.8587
1 15 0 14 1 13 11 0 10 7 10 6 5 4 4 5 10 4 14 15 8 10 13 8 2 11 5 8 5 5 10 5 5.05568
1 15 0 14 1 13 11 0 10 7 10 6 6 4 4 5 10 4 14 15 8 10 13 8 2 11 5 8 5 5 10 5 4.8584
1 15 0 14 1 13 11 0 10 7 10 6 7 4 4 5 10 4 14 15 8 10 13 8 2 11 5 8 5 5 10 5 4.86447
1 15 0 14 1 13 11 0 10 7 10 6 8 4 4 5 10 4 14 15 8 10 13 8 2 11 5 8 5 5 10 5 5.05425
1 15 0 14 1 13 11 0 10 7 10 6 9 4 4 5 10 4 14 15 8 10 13 8 2 11 5 8 5 5 10 5 4.85882
1 15 0 14 1 13 11 0 10 7 10 6 10 4 4 5 10 4 14 15 8 10 13 8 2 11 5 8 5 5 10 5 4.85889
1 15 0 14 1 13 11 0 10 7 10 6 11 4 4 5 10 4 14 15 8 10 13 8 2 11 5 8 5 5 10 5 4.85933
1 15 0 14 1 13 11 0 10 7 10 6 12 4 4 5 10 4 14 15 8 10 13 8 2 11 5 8 5 5 10 5 4.86516
1 15 0 14 1 13 11 0 10 7 10 6 13 4 4 5 10 4 14 15 8 10 13 8 2 11 5 8 5 5 10 5 4.85946
1 15 0 14 1 13 11 0 10 7 10 6 14 4 4 5 10 4 14 15 8 10 13 8 2 11 5 8 5 5 10 5 4.85957
1 15 0 14 1 13 11 0 10 7 10 6 15 4 4 5 10 4 14 15 8 10 13 8 2 11 5 8 5 5 10 5 4.85955
#LOWEST POWER: 4.8584 ( 1 15 0 14 1 13 11 0 10 7 10 6 6 4 4 5 10 4 14 15 8 10 13 8 2 11 5 8 5 5 10 5 )
#PA:0:400K:GP:PP:1|PA:1:400K:AN|PA:2:400K:GP:PP:0|PA:3:400K:IN:PD|PA:4:400K:GP:PP:1|PA:5:400K:IN:PU|PA:6:400K:GP:OD:PD:1|PA:7:400K:GP:PP:0|PA:8:400K:GP:OD:PD:0|PA:9:400K:GP:OD:1|PA:10:400K:GP:OD:PD:0|PA:11:400K:GP:OD:0|PA:12:400K:GP:OD:0|PA:13:400K:GP:PP:PD:0|PA:14:400K:GP:PP:PD:0|PA:15:400K:GP:PP:PD:1|PB:0:400K:GP:OD:PD:0|PB:1:400K:GP:PP:PD:0|PB:2:400K:IN:PD|PB:3:400K:AN|PB:4:400K:GP:OD:PU:0|PB:5:400K:GP:OD:PD:0|PB:6:400K:IN:PU|PB:7:400K:GP:OD:PU:0|PB:8:400K:GP:PP:PU:0|PB:9:400K:GP:OD:PD:1|PB:10:400K:GP:PP:PD:1|PB:11:400K:GP:OD:PU:0|PB:12:400K:GP:PP:PD:1|PB:13:400K:GP:PP:PD:1|PB:14:400K:GP:OD:PD:0|PB:15:400K:GP:PP:PD:1
#END:: ROUND 13
#********************
#BEGIN:: ROUND 14
1 15 0 14 1 13 11 0 10 7 10 6 6 0 4 5 10 4 14 15 8 10 13 8 2 11 5 8 5 5 10 5 4.85899
1 15 0 14 1 13 11 0 10 7 10 6 6 1 4 5 10 4 14 15 8 10 13 8 2 11 5 8 5 5 10 5 4.85877
1 15 0 14 1 13 11 0 10 7 10 6 6 2 4 5 10 4 14 15 8 10 13 8 2 11 5 8 5 5 10 5 5.0528
1 15 0 14 1 13 11 0 10 7 10 6 6 3 4 5 10 4 14 15 8 10 13 8 2 11 5 8 5 5 10 5 4.85891
1 15 0 14 1 13 11 0 10 7 10 6 6 4 4 5 10 4 14 15 8 10 13 8 2 11 5 8 5 5 10 5 4.8584
1 15 0 14 1 13 11 0 10 7 10 6 6 5 4 5 10 4 14 15 8 10 13 8 2 11 5 8 5 5 10 5 5.05423
1 15 0 14 1 13 11 0 10 7 10 6 6 6 4 5 10 4 14 15 8 10 13 8 2 11 5 8 5 5 10 5 4.8581
1 15 0 14 1 13 11 0 10 7 10 6 6 7 4 5 10 4 14 15 8 10 13 8 2 11 5 8 5 5 10 5 4.88115
1 15 0 14 1 13 11 0 10 7 10 6 6 8 4 5 10 4 14 15 8 10 13 8 2 11 5 8 5 5 10 5 5.05116
1 15 0 14 1 13 11 0 10 7 10 6 6 9 4 5 10 4 14 15 8 10 13 8 2 11 5 8 5 5 10 5 4.85746
1 15 0 14 1 13 11 0 10 7 10 6 6 10 4 5 10 4 14 15 8 10 13 8 2 11 5 8 5 5 10 5 4.85785
1 15 0 14 1 13 11 0 10 7 10 6 6 11 4 5 10 4 14 15 8 10 13 8 2 11 5 8 5 5 10 5 4.85791
1 15 0 14 1 13 11 0 10 7 10 6 6 12 4 5 10 4 14 15 8 10 13 8 2 11 5 8 5 5 10 5 4.90559
1 15 0 14 1 13 11 0 10 7 10 6 6 13 4 5 10 4 14 15 8 10 13 8 2 11 5 8 5 5 10 5 4.85761
1 15 0 14 1 13 11 0 10 7 10 6 6 14 4 5 10 4 14 15 8 10 13 8 2 11 5 8 5 5 10 5 4.85688
1 15 0 14 1 13 11 0 10 7 10 6 6 15 4 5 10 4 14 15 8 10 13 8 2 11 5 8 5 5 10 5 4.85723
#LOWEST POWER: 4.85688 ( 1 15 0 14 1 13 11 0 10 7 10 6 6 14 4 5 10 4 14 15 8 10 13 8 2 11 5 8 5 5 10 5 )
#PA:0:400K:GP:PP:1|PA:1:400K:AN|PA:2:400K:GP:PP:0|PA:3:400K:IN:PD|PA:4:400K:GP:PP:1|PA:5:400K:IN:PU|PA:6:400K:GP:OD:PD:1|PA:7:400K:GP:PP:0|PA:8:400K:GP:OD:PD:0|PA:9:400K:GP:OD:1|PA:10:400K:GP:OD:PD:0|PA:11:400K:GP:OD:0|PA:12:400K:GP:OD:0|PA:13:400K:IN:PD|PA:14:400K:GP:PP:PD:0|PA:15:400K:GP:PP:PD:1|PB:0:400K:GP:OD:PD:0|PB:1:400K:GP:PP:PD:0|PB:2:400K:IN:PD|PB:3:400K:AN|PB:4:400K:GP:OD:PU:0|PB:5:400K:GP:OD:PD:0|PB:6:400K:IN:PU|PB:7:400K:GP:OD:PU:0|PB:8:400K:GP:PP:PU:0|PB:9:400K:GP:OD:PD:1|PB:10:400K:GP:PP:PD:1|PB:11:400K:GP:OD:PU:0|PB:12:400K:GP:PP:PD:1|PB:13:400K:GP:PP:PD:1|PB:14:400K:GP:OD:PD:0|PB:15:400K:GP:PP:PD:1
#END:: ROUND 14
#********************
#BEGIN:: ROUND 15
1 15 0 14 1 13 11 0 10 7 10 6 6 14 0 5 10 4 14 15 8 10 13 8 2 11 5 8 5 5 10 5 4.85734
1 15 0 14 1 13 11 0 10 7 10 6 6 14 1 5 10 4 14 15 8 10 13 8 2 11 5 8 5 5 10 5 4.85708
1 15 0 14 1 13 11 0 10 7 10 6 6 14 2 5 10 4 14 15 8 10 13 8 2 11 5 8 5 5 10 5 5.0513
1 15 0 14 1 13 11 0 10 7 10 6 6 14 3 5 10 4 14 15 8 10 13 8 2 11 5 8 5 5 10 5 4.85668
1 15 0 14 1 13 11 0 10 7 10 6 6 14 4 5 10 4 14 15 8 10 13 8 2 11 5 8 5 5 10 5 4.85688
1 15 0 14 1 13 11 0 10 7 10 6 6 14 5 5 10 4 14 15 8 10 13 8 2 11 5 8 5 5 10 5 5.05265
1 15 0 14 1 13 11 0 10 7 10 6 6 14 6 5 10 4 14 15 8 10 13 8 2 11 5 8 5 5 10 5 4.85707
1 15 0 14 1 13 11 0 10 7 10 6 6 14 7 5 10 4 14 15 8 10 13 8 2 11 5 8 5 5 10 5 4.86794
1 15 0 14 1 13 11 0 10 7 10 6 6 14 8 5 10 4 14 15 8 10 13 8 2 11 5 8 5 5 10 5 5.05065
1 15 0 14 1 13 11 0 10 7 10 6 6 14 9 5 10 4 14 15 8 10 13 8 2 11 5 8 5 5 10 5 4.85686
1 15 0 14 1 13 11 0 10 7 10 6 6 14 10 5 10 4 14 15 8 10 13 8 2 11 5 8 5 5 10 5 4.85627
1 15 0 14 1 13 11 0 10 7 10 6 6 14 11 5 10 4 14 15 8 10 13 8 2 11 5 8 5 5 10 5 4.85686
1 15 0 14 1 13 11 0 10 7 10 6 6 14 12 5 10 4 14 15 8 10 13 8 2 11 5 8 5 5 10 5 4.86557
1 15 0 14 1 13 11 0 10 7 10 6 6 14 13 5 10 4 14 15 8 10 13 8 2 11 5 8 5 5 10 5 4.85661
1 15 0 14 1 13 11 0 10 7 10 6 6 14 14 5 10 4 14 15 8 10 13 8 2 11 5 8 5 5 10 5 4.85594
1 15 0 14 1 13 11 0 10 7 10 6 6 14 15 5 10 4 14 15 8 10 13 8 2 11 5 8 5 5 10 5 4.85655
#LOWEST POWER: 4.85594 ( 1 15 0 14 1 13 11 0 10 7 10 6 6 14 14 5 10 4 14 15 8 10 13 8 2 11 5 8 5 5 10 5 )
#PA:0:400K:GP:PP:1|PA:1:400K:AN|PA:2:400K:GP:PP:0|PA:3:400K:IN:PD|PA:4:400K:GP:PP:1|PA:5:400K:IN:PU|PA:6:400K:GP:OD:PD:1|PA:7:400K:GP:PP:0|PA:8:400K:GP:OD:PD:0|PA:9:400K:GP:OD:1|PA:10:400K:GP:OD:PD:0|PA:11:400K:GP:OD:0|PA:12:400K:GP:OD:0|PA:13:400K:IN:PD|PA:14:400K:IN:PD|PA:15:400K:GP:PP:PD:1|PB:0:400K:GP:OD:PD:0|PB:1:400K:GP:PP:PD:0|PB:2:400K:IN:PD|PB:3:400K:AN|PB:4:400K:GP:OD:PU:0|PB:5:400K:GP:OD:PD:0|PB:6:400K:IN:PU|PB:7:400K:GP:OD:PU:0|PB:8:400K:GP:PP:PU:0|PB:9:400K:GP:OD:PD:1|PB:10:400K:GP:PP:PD:1|PB:11:400K:GP:OD:PU:0|PB:12:400K:GP:PP:PD:1|PB:13:400K:GP:PP:PD:1|PB:14:400K:GP:OD:PD:0|PB:15:400K:GP:PP:PD:1
#END:: ROUND 15
#********************
#BEGIN:: ROUND 16
1 15 0 14 1 13 11 0 10 7 10 6 6 14 14 0 10 4 14 15 8 10 13 8 2 11 5 8 5 5 10 5 4.66214
1 15 0 14 1 13 11 0 10 7 10 6 6 14 14 1 10 4 14 15 8 10 13 8 2 11 5 8 5 5 10 5 4.66213
1 15 0 14 1 13 11 0 10 7 10 6 6 14 14 2 10 4 14 15 8 10 13 8 2 11 5 8 5 5 10 5 4.8546
1 15 0 14 1 13 11 0 10 7 10 6 6 14 14 3 10 4 14 15 8 10 13 8 2 11 5 8 5 5 10 5 4.66274
1 15 0 14 1 13 11 0 10 7 10 6 6 14 14 4 10 4 14 15 8 10 13 8 2 11 5 8 5 5 10 5 4.66226
1 15 0 14 1 13 11 0 10 7 10 6 6 14 14 5 10 4 14 15 8 10 13 8 2 11 5 8 5 5 10 5 4.85594
1 15 0 14 1 13 11 0 10 7 10 6 6 14 14 6 10 4 14 15 8 10 13 8 2 11 5 8 5 5 10 5 4.66239
1 15 0 14 1 13 11 0 10 7 10 6 6 14 14 7 10 4 14 15 8 10 13 8 2 11 5 8 5 5 10 5 4.67484
1 15 0 14 1 13 11 0 10 7 10 6 6 14 14 8 10 4 14 15 8 10 13 8 2 11 5 8 5 5 10 5 4.85379
1 15 0 14 1 13 11 0 10 7 10 6 6 14 14 9 10 4 14 15 8 10 13 8 2 11 5 8 5 5 10 5 4.66178
1 15 0 14 1 13 11 0 10 7 10 6 6 14 14 10 10 4 14 15 8 10 13 8 2 11 5 8 5 5 10 5 4.66181
1 15 0 14 1 13 11 0 10 7 10 6 6 14 14 11 10 4 14 15 8 10 13 8 2 11 5 8 5 5 10 5 4.66186
1 15 0 14 1 13 11 0 10 7 10 6 6 14 14 12 10 4 14 15 8 10 13 8 2 11 5 8 5 5 10 5 4.68355
1 15 0 14 1 13 11 0 10 7 10 6 6 14 14 13 10 4 14 15 8 10 13 8 2 11 5 8 5 5 10 5 4.66105
1 15 0 14 1 13 11 0 10 7 10 6 6 14 14 14 10 4 14 15 8 10 13 8 2 11 5 8 5 5 10 5 4.66119
1 15 0 14 1 13 11 0 10 7 10 6 6 14 14 15 10 4 14 15 8 10 13 8 2 11 5 8 5 5 10 5 4.66067
#LOWEST POWER: 4.66067 ( 1 15 0 14 1 13 11 0 10 7 10 6 6 14 14 15 10 4 14 15 8 10 13 8 2 11 5 8 5 5 10 5 )
#PA:0:400K:GP:PP:1|PA:1:400K:AN|PA:2:400K:GP:PP:0|PA:3:400K:IN:PD|PA:4:400K:GP:PP:1|PA:5:400K:IN:PU|PA:6:400K:GP:OD:PD:1|PA:7:400K:GP:PP:0|PA:8:400K:GP:OD:PD:0|PA:9:400K:GP:OD:1|PA:10:400K:GP:OD:PD:0|PA:11:400K:GP:OD:0|PA:12:400K:GP:OD:0|PA:13:400K:IN:PD|PA:14:400K:IN:PD|PA:15:400K:AN|PB:0:400K:GP:OD:PD:0|PB:1:400K:GP:PP:PD:0|PB:2:400K:IN:PD|PB:3:400K:AN|PB:4:400K:GP:OD:PU:0|PB:5:400K:GP:OD:PD:0|PB:6:400K:IN:PU|PB:7:400K:GP:OD:PU:0|PB:8:400K:GP:PP:PU:0|PB:9:400K:GP:OD:PD:1|PB:10:400K:GP:PP:PD:1|PB:11:400K:GP:OD:PU:0|PB:12:400K:GP:PP:PD:1|PB:13:400K:GP:PP:PD:1|PB:14:400K:GP:OD:PD:0|PB:15:400K:GP:PP:PD:1
#END:: ROUND 16
#********************
#BEGIN:: ROUND 17
1 15 0 14 1 13 11 0 10 7 10 6 6 14 14 15 0 4 14 15 8 10 13 8 2 11 5 8 5 5 10 5 4.66059
1 15 0 14 1 13 11 0 10 7 10 6 6 14 14 15 1 4 14 15 8 10 13 8 2 11 5 8 5 5 10 5 4.6607
1 15 0 14 1 13 11 0 10 7 10 6 6 14 14 15 2 4 14 15 8 10 13 8 2 11 5 8 5 5 10 5 4.8521
1 15 0 14 1 13 11 0 10 7 10 6 6 14 14 15 3 4 14 15 8 10 13 8 2 11 5 8 5 5 10 5 4.66128
1 15 0 14 1 13 11 0 10 7 10 6 6 14 14 15 4 4 14 15 8 10 13 8 2 11 5 8 5 5 10 5 4.66109
1 15 0 14 1 13 11 0 10 7 10 6 6 14 14 15 5 4 14 15 8 10 13 8 2 11 5 8 5 5 10 5 4.85402
1 15 0 14 1 13 11 0 10 7 10 6 6 14 14 15 6 4 14 15 8 10 13 8 2 11 5 8 5 5 10 5 4.6614
1 15 0 14 1 13 11 0 10 7 10 6 6 14 14 15 7 4 14 15 8 10 13 8 2 11 5 8 5 5 10 5 4.66495
1 15 0 14 1 13 11 0 10 7 10 6 6 14 14 15 8 4 14 15 8 10 13 8 2 11 5 8 5 5 10 5 4.85236
1 15 0 14 1 13 11 0 10 7 10 6 6 14 14 15 9 4 14 15 8 10 13 8 2 11 5 8 5 5 10 5 4.66076
1 15 0 14 1 13 11 0 10 7 10 6 6 14 14 15 10 4 14 15 8 10 13 8 2 11 5 8 5 5 10 5 4.66067
1 15 0 14 1 13 11 0 10 7 10 6 6 14 14 15 11 4 14 15 8 10 13 8 2 11 5 8 5 5 10 5 4.66069
1 15 0 14 1 13 11 0 10 7 10 6 6 14 14 15 12 4 14 15 8 10 13 8 2 11 5 8 5 5 10 5 4.66344
1 15 0 14 1 13 11 0 10 7 10 6 6 14 14 15 13 4 14 15 8 10 13 8 2 11 5 8 5 5 10 5 4.66126
1 15 0 14 1 13 11 0 10 7 10 6 6 14 14 15 14 4 14 15 8 10 13 8 2 11 5 8 5 5 10 5 4.66117
1 15 0 14 1 13 11 0 10 7 10 6 6 14 14 15 15 4 14 15 8 10 13 8 2 11 5 8 5 5 10 5 4.66113
#LOWEST POWER: 4.66059 ( 1 15 0 14 1 13 11 0 10 7 10 6 6 14 14 15 0 4 14 15 8 10 13 8 2 11 5 8 5 5 10 5 )
#PA:0:400K:GP:PP:1|PA:1:400K:AN|PA:2:400K:GP:PP:0|PA:3:400K:IN:PD|PA:4:400K:GP:PP:1|PA:5:400K:IN:PU|PA:6:400K:GP:OD:PD:1|PA:7:400K:GP:PP:0|PA:8:400K:GP:OD:PD:0|PA:9:400K:GP:OD:1|PA:10:400K:GP:OD:PD:0|PA:11:400K:GP:OD:0|PA:12:400K:GP:OD:0|PA:13:400K:IN:PD|PA:14:400K:IN:PD|PA:15:400K:AN|PB:0:400K:GP:PP:0|PB:1:400K:GP:PP:PD:0|PB:2:400K:IN:PD|PB:3:400K:AN|PB:4:400K:GP:OD:PU:0|PB:5:400K:GP:OD:PD:0|PB:6:400K:IN:PU|PB:7:400K:GP:OD:PU:0|PB:8:400K:GP:PP:PU:0|PB:9:400K:GP:OD:PD:1|PB:10:400K:GP:PP:PD:1|PB:11:400K:GP:OD:PU:0|PB:12:400K:GP:PP:PD:1|PB:13:400K:GP:PP:PD:1|PB:14:400K:GP:OD:PD:0|PB:15:400K:GP:PP:PD:1
#END:: ROUND 17
#********************
#BEGIN:: ROUND 18
1 15 0 14 1 13 11 0 10 7 10 6 6 14 14 15 0 0 14 15 8 10 13 8 2 11 5 8 5 5 10 5 4.66097
1 15 0 14 1 13 11 0 10 7 10 6 6 14 14 15 0 1 14 15 8 10 13 8 2 11 5 8 5 5 10 5 4.66139
1 15 0 14 1 13 11 0 10 7 10 6 6 14 14 15 0 2 14 15 8 10 13 8 2 11 5 8 5 5 10 5 4.85458
1 15 0 14 1 13 11 0 10 7 10 6 6 14 14 15 0 3 14 15 8 10 13 8 2 11 5 8 5 5 10 5 4.6615
1 15 0 14 1 13 11 0 10 7 10 6 6 14 14 15 0 4 14 15 8 10 13 8 2 11 5 8 5 5 10 5 4.66059
1 15 0 14 1 13 11 0 10 7 10 6 6 14 14 15 0 5 14 15 8 10 13 8 2 11 5 8 5 5 10 5 4.85659
1 15 0 14 1 13 11 0 10 7 10 6 6 14 14 15 0 6 14 15 8 10 13 8 2 11 5 8 5 5 10 5 4.66166
1 15 0 14 1 13 11 0 10 7 10 6 6 14 14 15 0 7 14 15 8 10 13 8 2 11 5 8 5 5 10 5 4.66224
1 15 0 14 1 13 11 0 10 7 10 6 6 14 14 15 0 8 14 15 8 10 13 8 2 11 5 8 5 5 10 5 4.85447
1 15 0 14 1 13 11 0 10 7 10 6 6 14 14 15 0 9 14 15 8 10 13 8 2 11 5 8 5 5 10 5 4.66276
1 15 0 14 1 13 11 0 10 7 10 6 6 14 14 15 0 10 14 15 8 10 13 8 2 11 5 8 5 5 10 5 4.66281
1 15 0 14 1 13 11 0 10 7 10 6 6 14 14 15 0 11 14 15 8 10 13 8 2 11 5 8 5 5 10 5 4.66323
1 15 0 14 1 13 11 0 10 7 10 6 6 14 14 15 0 12 14 15 8 10 13 8 2 11 5 8 5 5 10 5 4.66297
1 15 0 14 1 13 11 0 10 7 10 6 6 14 14 15 0 13 14 15 8 10 13 8 2 11 5 8 5 5 10 5 4.66275
1 15 0 14 1 13 11 0 10 7 10 6 6 14 14 15 0 14 14 15 8 10 13 8 2 11 5 8 5 5 10 5 4.66271
1 15 0 14 1 13 11 0 10 7 10 6 6 14 14 15 0 15 14 15 8 10 13 8 2 11 5 8 5 5 10 5 4.66267
#LOWEST POWER: 4.66059 ( 1 15 0 14 1 13 11 0 10 7 10 6 6 14 14 15 0 4 14 15 8 10 13 8 2 11 5 8 5 5 10 5 )
#PA:0:400K:GP:PP:1|PA:1:400K:AN|PA:2:400K:GP:PP:0|PA:3:400K:IN:PD|PA:4:400K:GP:PP:1|PA:5:400K:IN:PU|PA:6:400K:GP:OD:PD:1|PA:7:400K:GP:PP:0|PA:8:400K:GP:OD:PD:0|PA:9:400K:GP:OD:1|PA:10:400K:GP:OD:PD:0|PA:11:400K:GP:OD:0|PA:12:400K:GP:OD:0|PA:13:400K:IN:PD|PA:14:400K:IN:PD|PA:15:400K:AN|PB:0:400K:GP:PP:0|PB:1:400K:GP:PP:PD:0|PB:2:400K:IN:PD|PB:3:400K:AN|PB:4:400K:GP:OD:PU:0|PB:5:400K:GP:OD:PD:0|PB:6:400K:IN:PU|PB:7:400K:GP:OD:PU:0|PB:8:400K:GP:PP:PU:0|PB:9:400K:GP:OD:PD:1|PB:10:400K:GP:PP:PD:1|PB:11:400K:GP:OD:PU:0|PB:12:400K:GP:PP:PD:1|PB:13:400K:GP:PP:PD:1|PB:14:400K:GP:OD:PD:0|PB:15:400K:GP:PP:PD:1
#END:: ROUND 18
#********************
#BEGIN:: ROUND 19
1 15 0 14 1 13 11 0 10 7 10 6 6 14 14 15 0 4 0 15 8 10 13 8 2 11 5 8 5 5 10 5 4.66304
1 15 0 14 1 13 11 0 10 7 10 6 6 14 14 15 0 4 1 15 8 10 13 8 2 11 5 8 5 5 10 5 10.1518
1 15 0 14 1 13 11 0 10 7 10 6 6 14 14 15 0 4 2 15 8 10 13 8 2 11 5 8 5 5 10 5 4.8575
1 15 0 14 1 13 11 0 10 7 10 6 6 14 14 15 0 4 3 15 8 10 13 8 2 11 5 8 5 5 10 5 10.1511
1 15 0 14 1 13 11 0 10 7 10 6 6 14 14 15 0 4 4 15 8 10 13 8 2 11 5 8 5 5 10 5 4.66294
1 15 0 14 1 13 11 0 10 7 10 6 6 14 14 15 0 4 5 15 8 10 13 8 2 11 5 8 5 5 10 5 10.3221
1 15 0 14 1 13 11 0 10 7 10 6 6 14 14 15 0 4 6 15 8 10 13 8 2 11 5 8 5 5 10 5 4.66316
1 15 0 14 1 13 11 0 10 7 10 6 6 14 14 15 0 4 7 15 8 10 13 8 2 11 5 8 5 5 10 5 4.66262
1 15 0 14 1 13 11 0 10 7 10 6 6 14 14 15 0 4 8 15 8 10 13 8 2 11 5 8 5 5 10 5 4.85673
1 15 0 14 1 13 11 0 10 7 10 6 6 14 14 15 0 4 9 15 8 10 13 8 2 11 5 8 5 5 10 5 4.81628
1 15 0 14 1 13 11 0 10 7 10 6 6 14 14 15 0 4 10 15 8 10 13 8 2 11 5 8 5 5 10 5 4.66281
1 15 0 14 1 13 11 0 10 7 10 6 6 14 14 15 0 4 11 15 8 10 13 8 2 11 5 8 5 5 10 5 4.66272
1 15 0 14 1 13 11 0 10 7 10 6 6 14 14 15 0 4 12 15 8 10 13 8 2 11 5 8 5 5 10 5 4.66284
1 15 0 14 1 13 11 0 10 7 10 6 6 14 14 15 0 4 13 15 8 10 13 8 2 11 5 8 5 5 10 5 4.81629
1 15 0 14 1 13 11 0 10 7 10 6 6 14 14 15 0 4 14 15 8 10 13 8 2 11 5 8 5 5 10 5 4.66059
1 15 0 14 1 13 11 0 10 7 10 6 6 14 14 15 0 4 15 15 8 10 13 8 2 11 5 8 5 5 10 5 4.66304
#LOWEST POWER: 4.66059 ( 1 15 0 14 1 13 11 0 10 7 10 6 6 14 14 15 0 4 14 15 8 10 13 8 2 11 5 8 5 5 10 5 )
#PA:0:400K:GP:PP:1|PA:1:400K:AN|PA:2:400K:GP:PP:0|PA:3:400K:IN:PD|PA:4:400K:GP:PP:1|PA:5:400K:IN:PU|PA:6:400K:GP:OD:PD:1|PA:7:400K:GP:PP:0|PA:8:400K:GP:OD:PD:0|PA:9:400K:GP:OD:1|PA:10:400K:GP:OD:PD:0|PA:11:400K:GP:OD:0|PA:12:400K:GP:OD:0|PA:13:400K:IN:PD|PA:14:400K:IN:PD|PA:15:400K:AN|PB:0:400K:GP:PP:0|PB:1:400K:GP:PP:PD:0|PB:2:400K:IN:PD|PB:3:400K:AN|PB:4:400K:GP:OD:PU:0|PB:5:400K:GP:OD:PD:0|PB:6:400K:IN:PU|PB:7:400K:GP:OD:PU:0|PB:8:400K:GP:PP:PU:0|PB:9:400K:GP:OD:PD:1|PB:10:400K:GP:PP:PD:1|PB:11:400K:GP:OD:PU:0|PB:12:400K:GP:PP:PD:1|PB:13:400K:GP:PP:PD:1|PB:14:400K:GP:OD:PD:0|PB:15:400K:GP:PP:PD:1
#END:: ROUND 19
#********************
#BEGIN:: ROUND 20
1 15 0 14 1 13 11 0 10 7 10 6 6 14 14 15 0 4 14 0 8 10 13 8 2 11 5 8 5 5 10 5 4.6628
1 15 0 14 1 13 11 0 10 7 10 6 6 14 14 15 0 4 14 1 8 10 13 8 2 11 5 8 5 5 10 5 4.66309
1 15 0 14 1 13 11 0 10 7 10 6 6 14 14 15 0 4 14 2 8 10 13 8 2 11 5 8 5 5 10 5 4.85342
1 15 0 14 1 13 11 0 10 7 10 6 6 14 14 15 0 4 14 3 8 10 13 8 2 11 5 8 5 5 10 5 4.66328
1 15 0 14 1 13 11 0 10 7 10 6 6 14 14 15 0 4 14 4 8 10 13 8 2 11 5 8 5 5 10 5 4.66323
1 15 0 14 1 13 11 0 10 7 10 6 6 14 14 15 0 4 14 5 8 10 13 8 2 11 5 8 5 5 10 5 4.85577
1 15 0 14 1 13 11 0 10 7 10 6 6 14 14 15 0 4 14 6 8 10 13 8 2 11 5 8 5 5 10 5 4.66362
1 15 0 14 1 13 11 0 10 7 10 6 6 14 14 15 0 4 14 7 8 10 13 8 2 11 5 8 5 5 10 5 4.66797
1 15 0 14 1 13 11 0 10 7 10 6 6 14 14 15 0 4 14 8 8 10 13 8 2 11 5 8 5 5 10 5 4.85414
1 15 0 14 1 13 11 0 10 7 10 6 6 14 14 15 0 4 14 9 8 10 13 8 2 11 5 8 5 5 10 5 4.66357
1 15 0 14 1 13 11 0 10 7 10 6 6 14 14 15 0 4 14 10 8 10 13 8 2 11 5 8 5 5 10 5 4.66311
1 15 0 14 1 13 11 0 10 7 10 6 6 14 14 15 0 4 14 11 8 10 13 8 2 11 5 8 5 5 10 5 4.66342
1 15 0 14 1 13 11 0 10 7 10 6 6 14 14 15 0 4 14 12 8 10 13 8 2 11 5 8 5 5 10 5 4.66655
1 15 0 14 1 13 11 0 10 7 10 6 6 14 14 15 0 4 14 13 8 10 13 8 2 11 5 8 5 5 10 5 4.66337
1 15 0 14 1 13 11 0 10 7 10 6 6 14 14 15 0 4 14 14 8 10 13 8 2 11 5 8 5 5 10 5 4.66354
1 15 0 14 1 13 11 0 10 7 10 6 6 14 14 15 0 4 14 15 8 10 13 8 2 11 5 8 5 5 10 5 4.66059
#LOWEST POWER: 4.66059 ( 1 15 0 14 1 13 11 0 10 7 10 6 6 14 14 15 0 4 14 15 8 10 13 8 2 11 5 8 5 5 10 5 )
#PA:0:400K:GP:PP:1|PA:1:400K:AN|PA:2:400K:GP:PP:0|PA:3:400K:IN:PD|PA:4:400K:GP:PP:1|PA:5:400K:IN:PU|PA:6:400K:GP:OD:PD:1|PA:7:400K:GP:PP:0|PA:8:400K:GP:OD:PD:0|PA:9:400K:GP:OD:1|PA:10:400K:GP:OD:PD:0|PA:11:400K:GP:OD:0|PA:12:400K:GP:OD:0|PA:13:400K:IN:PD|PA:14:400K:IN:PD|PA:15:400K:AN|PB:0:400K:GP:PP:0|PB:1:400K:GP:PP:PD:0|PB:2:400K:IN:PD|PB:3:400K:AN|PB:4:400K:GP:OD:PU:0|PB:5:400K:GP:OD:PD:0|PB:6:400K:IN:PU|PB:7:400K:GP:OD:PU:0|PB:8:400K:GP:PP:PU:0|PB:9:400K:GP:OD:PD:1|PB:10:400K:GP:PP:PD:1|PB:11:400K:GP:OD:PU:0|PB:12:400K:GP:PP:PD:1|PB:13:400K:GP:PP:PD:1|PB:14:400K:GP:OD:PD:0|PB:15:400K:GP:PP:PD:1
#END:: ROUND 20
#********************
#BEGIN:: ROUND 21
1 15 0 14 1 13 11 0 10 7 10 6 6 14 14 15 0 4 14 15 0 10 13 8 2 11 5 8 5 5 10 5 4.47176
1 15 0 14 1 13 11 0 10 7 10 6 6 14 14 15 0 4 14 15 1 10 13 8 2 11 5 8 5 5 10 5 40.8079
1 15 0 14 1 13 11 0 10 7 10 6 6 14 14 15 0 4 14 15 2 10 13 8 2 11 5 8 5 5 10 5 4.60403
1 15 0 14 1 13 11 0 10 7 10 6 6 14 14 15 0 4 14 15 3 10 13 8 2 11 5 8 5 5 10 5 40.8708
1 15 0 14 1 13 11 0 10 7 10 6 6 14 14 15 0 4 14 15 4 10 13 8 2 11 5 8 5 5 10 5 4.42024
1 15 0 14 1 13 11 0 10 7 10 6 6 14 14 15 0 4 14 15 5 10 13 8 2 11 5 8 5 5 10 5 40.9962
1 15 0 14 1 13 11 0 10 7 10 6 6 14 14 15 0 4 14 15 6 10 13 8 2 11 5 8 5 5 10 5 4.42062
1 15 0 14 1 13 11 0 10 7 10 6 6 14 14 15 0 4 14 15 7 10 13 8 2 11 5 8 5 5 10 5 4.42059
1 15 0 14 1 13 11 0 10 7 10 6 6 14 14 15 0 4 14 15 8 10 13 8 2 11 5 8 5 5 10 5 4.66059
1 15 0 14 1 13 11 0 10 7 10 6 6 14 14 15 0 4 14 15 9 10 13 8 2 11 5 8 5 5 10 5 4.60565
1 15 0 14 1 13 11 0 10 7 10 6 6 14 14 15 0 4 14 15 10 10 13 8 2 11 5 8 5 5 10 5 4.4199
1 15 0 14 1 13 11 0 10 7 10 6 6 14 14 15 0 4 14 15 11 10 13 8 2 11 5 8 5 5 10 5 4.42158
1 15 0 14 1 13 11 0 10 7 10 6 6 14 14 15 0 4 14 15 12 10 13 8 2 11 5 8 5 5 10 5 4.42265
1 15 0 14 1 13 11 0 10 7 10 6 6 14 14 15 0 4 14 15 13 10 13 8 2 11 5 8 5 5 10 5 4.60765
1 15 0 14 1 13 11 0 10 7 10 6 6 14 14 15 0 4 14 15 14 10 13 8 2 11 5 8 5 5 10 5 4.421
1 15 0 14 1 13 11 0 10 7 10 6 6 14 14 15 0 4 14 15 15 10 13 8 2 11 5 8 5 5 10 5 4.42372
#LOWEST POWER: 4.4199 ( 1 15 0 14 1 13 11 0 10 7 10 6 6 14 14 15 0 4 14 15 10 10 13 8 2 11 5 8 5 5 10 5 )
#PA:0:400K:GP:PP:1|PA:1:400K:AN|PA:2:400K:GP:PP:0|PA:3:400K:IN:PD|PA:4:400K:GP:PP:1|PA:5:400K:IN:PU|PA:6:400K:GP:OD:PD:1|PA:7:400K:GP:PP:0|PA:8:400K:GP:OD:PD:0|PA:9:400K:GP:OD:1|PA:10:400K:GP:OD:PD:0|PA:11:400K:GP:OD:0|PA:12:400K:GP:OD:0|PA:13:400K:IN:PD|PA:14:400K:IN:PD|PA:15:400K:AN|PB:0:400K:GP:PP:0|PB:1:400K:GP:PP:PD:0|PB:2:400K:IN:PD|PB:3:400K:AN|PB:4:400K:GP:OD:PD:0|PB:5:400K:GP:OD:PD:0|PB:6:400K:IN:PU|PB:7:400K:GP:OD:PU:0|PB:8:400K:GP:PP:PU:0|PB:9:400K:GP:OD:PD:1|PB:10:400K:GP:PP:PD:1|PB:11:400K:GP:OD:PU:0|PB:12:400K:GP:PP:PD:1|PB:13:400K:GP:PP:PD:1|PB:14:400K:GP:OD:PD:0|PB:15:400K:GP:PP:PD:1
#END:: ROUND 21
#********************
#BEGIN:: ROUND 22
1 15 0 14 1 13 11 0 10 7 10 6 6 14 14 15 0 4 14 15 10 0 13 8 2 11 5 8 5 5 10 5 4.42369
1 15 0 14 1 13 11 0 10 7 10 6 6 14 14 15 0 4 14 15 10 1 13 8 2 11 5 8 5 5 10 5 2.22024
1 15 0 14 1 13 11 0 10 7 10 6 6 14 14 15 0 4 14 15 10 2 13 8 2 11 5 8 5 5 10 5 4.60572
1 15 0 14 1 13 11 0 10 7 10 6 6 14 14 15 0 4 14 15 10 3 13 8 2 11 5 8 5 5 10 5 2.21966
1 15 0 14 1 13 11 0 10 7 10 6 6 14 14 15 0 4 14 15 10 4 13 8 2 11 5 8 5 5 10 5 4.42147
1 15 0 14 1 13 11 0 10 7 10 6 6 14 14 15 0 4 14 15 10 5 13 8 2 11 5 8 5 5 10 5 2.40733
1 15 0 14 1 13 11 0 10 7 10 6 6 14 14 15 0 4 14 15 10 6 13 8 2 11 5 8 5 5 10 5 4.4217
1 15 0 14 1 13 11 0 10 7 10 6 6 14 14 15 0 4 14 15 10 7 13 8 2 11 5 8 5 5 10 5 2.22
1 15 0 14 1 13 11 0 10 7 10 6 6 14 14 15 0 4 14 15 10 8 13 8 2 11 5 8 5 5 10 5 4.6073
1 15 0 14 1 13 11 0 10 7 10 6 6 14 14 15 0 4 14 15 10 9 13 8 2 11 5 8 5 5 10 5 2.22088
1 15 0 14 1 13 11 0 10 7 10 6 6 14 14 15 0 4 14 15 10 10 13 8 2 11 5 8 5 5 10 5 4.4199
1 15 0 14 1 13 11 0 10 7 10 6 6 14 14 15 0 4 14 15 10 11 13 8 2 11 5 8 5 5 10 5 2.44951
1 15 0 14 1 13 11 0 10 7 10 6 6 14 14 15 0 4 14 15 10 12 13 8 2 11 5 8 5 5 10 5 2.22159
1 15 0 14 1 13 11 0 10 7 10 6 6 14 14 15 0 4 14 15 10 13 13 8 2 11 5 8 5 5 10 5 2.22088
1 15 0 14 1 13 11 0 10 7 10 6 6 14 14 15 0 4 14 15 10 14 13 8 2 11 5 8 5 5 10 5 2.45111
1 15 0 14 1 13 11 0 10 7 10 6 6 14 14 15 0 4 14 15 10 15 13 8 2 11 5 8 5 5 10 5 2.22173
#LOWEST POWER: 2.21966 ( 1 15 0 14 1 13 11 0 10 7 10 6 6 14 14 15 0 4 14 15 10 3 13 8 2 11 5 8 5 5 10 5 )
#PA:0:400K:GP:PP:1|PA:1:400K:AN|PA:2:400K:GP:PP:0|PA:3:400K:IN:PD|PA:4:400K:GP:PP:1|PA:5:400K:IN:PU|PA:6:400K:GP:OD:PD:1|PA:7:400K:GP:PP:0|PA:8:400K:GP:OD:PD:0|PA:9:400K:GP:OD:1|PA:10:400K:GP:OD:PD:0|PA:11:400K:GP:OD:0|PA:12:400K:GP:OD:0|PA:13:400K:IN:PD|PA:14:400K:IN:PD|PA:15:400K:AN|PB:0:400K:GP:PP:0|PB:1:400K:GP:PP:PD:0|PB:2:400K:IN:PD|PB:3:400K:AN|PB:4:400K:GP:OD:PD:0|PB:5:400K:GP:PP:PU:1|PB:6:400K:IN:PU|PB:7:400K:GP:OD:PU:0|PB:8:400K:GP:PP:PU:0|PB:9:400K:GP:OD:PD:1|PB:10:400K:GP:PP:PD:1|PB:11:400K:GP:OD:PU:0|PB:12:400K:GP:PP:PD:1|PB:13:400K:GP:PP:PD:1|PB:14:400K:GP:OD:PD:0|PB:15:400K:GP:PP:PD:1
#END:: ROUND 22
#********************
#BEGIN:: ROUND 23
1 15 0 14 1 13 11 0 10 7 10 6 6 14 14 15 0 4 14 15 10 3 0 8 2 11 5 8 5 5 10 5 33.2842
1 15 0 14 1 13 11 0 10 7 10 6 6 14 14 15 0 4 14 15 10 3 1 8 2 11 5 8 5 5 10 5 2.22197
1 15 0 14 1 13 11 0 10 7 10 6 6 14 14 15 0 4 14 15 10 3 2 8 2 11 5 8 5 5 10 5 33.374
1 15 0 14 1 13 11 0 10 7 10 6 6 14 14 15 0 4 14 15 10 3 3 8 2 11 5 8 5 5 10 5 2.22298
1 15 0 14 1 13 11 0 10 7 10 6 6 14 14 15 0 4 14 15 10 3 4 8 2 11 5 8 5 5 10 5 33.2679
1 15 0 14 1 13 11 0 10 7 10 6 6 14 14 15 0 4 14 15 10 3 5 8 2 11 5 8 5 5 10 5 2.4139
1 15 0 14 1 13 11 0 10 7 10 6 6 14 14 15 0 4 14 15 10 3 6 8 2 11 5 8 5 5 10 5 33.2648
1 15 0 14 1 13 11 0 10 7 10 6 6 14 14 15 0 4 14 15 10 3 7 8 2 11 5 8 5 5 10 5 2.28068
1 15 0 14 1 13 11 0 10 7 10 6 6 14 14 15 0 4 14 15 10 3 8 8 2 11 5 8 5 5 10 5 33.363
1 15 0 14 1 13 11 0 10 7 10 6 6 14 14 15 0 4 14 15 10 3 9 8 2 11 5 8 5 5 10 5 2.22366
1 15 0 14 1 13 11 0 10 7 10 6 6 14 14 15 0 4 14 15 10 3 10 8 2 11 5 8 5 5 10 5 33.2604
1 15 0 14 1 13 11 0 10 7 10 6 6 14 14 15 0 4 14 15 10 3 11 8 2 11 5 8 5 5 10 5 33.2422
1 15 0 14 1 13 11 0 10 7 10 6 6 14 14 15 0 4 14 15 10 3 12 8 2 11 5 8 5 5 10 5 2.28952
1 15 0 14 1 13 11 0 10 7 10 6 6 14 14 15 0 4 14 15 10 3 13 8 2 11 5 8 5 5 10 5 2.21966
1 15 0 14 1 13 11 0 10 7 10 6 6 14 14 15 0 4 14 15 10 3 14 8 2 11 5 8 5 5 10 5 33.2527
1 15 0 14 1 13 11 0 10 7 10 6 6 14 14 15 0 4 14 15 10 3 15 8 2 11 5 8 5 5 10 5 2.27961
#LOWEST POWER: 2.21966 ( 1 15 0 14 1 13 11 0 10 7 10 6 6 14 14 15 0 4 14 15 10 3 13 8 2 11 5 8 5 5 10 5 )
#PA:0:400K:GP:PP:1|PA:1:400K:AN|PA:2:400K:GP:PP:0|PA:3:400K:IN:PD|PA:4:400K:GP:PP:1|PA:5:400K:IN:PU|PA:6:400K:GP:OD:PD:1|PA:7:400K:GP:PP:0|PA:8:400K:GP:OD:PD:0|PA:9:400K:GP:OD:1|PA:10:400K:GP:OD:PD:0|PA:11:400K:GP:OD:0|PA:12:400K:GP:OD:0|PA:13:400K:IN:PD|PA:14:400K:IN:PD|PA:15:400K:AN|PB:0:400K:GP:PP:0|PB:1:400K:GP:PP:PD:0|PB:2:400K:IN:PD|PB:3:400K:AN|PB:4:400K:GP:OD:PD:0|PB:5:400K:GP:PP:PU:1|PB:6:400K:IN:PU|PB:7:400K:GP:OD:PU:0|PB:8:400K:GP:PP:PU:0|PB:9:400K:GP:OD:PD:1|PB:10:400K:GP:PP:PD:1|PB:11:400K:GP:OD:PU:0|PB:12:400K:GP:PP:PD:1|PB:13:400K:GP:PP:PD:1|PB:14:400K:GP:OD:PD:0|PB:15:400K:GP:PP:PD:1
#END:: ROUND 23
#********************
#BEGIN:: ROUND 24
1 15 0 14 1 13 11 0 10 7 10 6 6 14 14 15 0 4 14 15 10 3 13 0 2 11 5 8 5 5 10 5 2.03673
1 15 0 14 1 13 11 0 10 7 10 6 6 14 14 15 0 4 14 15 10 3 13 1 2 11 5 8 5 5 10 5 6.59059
1 15 0 14 1 13 11 0 10 7 10 6 6 14 14 15 0 4 14 15 10 3 13 2 2 11 5 8 5 5 10 5 2.22416
1 15 0 14 1 13 11 0 10 7 10 6 6 14 14 15 0 4 14 15 10 3 13 3 2 11 5 8 5 5 10 5 6.58875
1 15 0 14 1 13 11 0 10 7 10 6 6 14 14 15 0 4 14 15 10 3 13 4 2 11 5 8 5 5 10 5 2.03525
1 15 0 14 1 13 11 0 10 7 10 6 6 14 14 15 0 4 14 15 10 3 13 5 2 11 5 8 5 5 10 5 6.75721
1 15 0 14 1 13 11 0 10 7 10 6 6 14 14 15 0 4 14 15 10 3 13 6 2 11 5 8 5 5 10 5 2.03411
1 15 0 14 1 13 11 0 10 7 10 6 6 14 14 15 0 4 14 15 10 3 13 7 2 11 5 8 5 5 10 5 2.17799
1 15 0 14 1 13 11 0 10 7 10 6 6 14 14 15 0 4 14 15 10 3 13 8 2 11 5 8 5 5 10 5 2.21966
1 15 0 14 1 13 11 0 10 7 10 6 6 14 14 15 0 4 14 15 10 3 13 9 2 11 5 8 5 5 10 5 2.15868
1 15 0 14 1 13 11 0 10 7 10 6 6 14 14 15 0 4 14 15 10 3 13 10 2 11 5 8 5 5 10 5 2.03739
1 15 0 14 1 13 11 0 10 7 10 6 6 14 14 15 0 4 14 15 10 3 13 11 2 11 5 8 5 5 10 5 2.03913
1 15 0 14 1 13 11 0 10 7 10 6 6 14 14 15 0 4 14 15 10 3 13 12 2 11 5 8 5 5 10 5 2.17707
1 15 0 14 1 13 11 0 10 7 10 6 6 14 14 15 0 4 14 15 10 3 13 13 2 11 5 8 5 5 10 5 2.15878
1 15 0 14 1 13 11 0 10 7 10 6 6 14 14 15 0 4 14 15 10 3 13 14 2 11 5 8 5 5 10 5 2.03673
1 15 0 14 1 13 11 0 10 7 10 6 6 14 14 15 0 4 14 15 10 3 13 15 2 11 5 8 5 5 10 5 2.83781
#LOWEST POWER: 2.03411 ( 1 15 0 14 1 13 11 0 10 7 10 6 6 14 14 15 0 4 14 15 10 3 13 6 2 11 5 8 5 5 10 5 )
#PA:0:400K:GP:PP:1|PA:1:400K:AN|PA:2:400K:GP:PP:0|PA:3:400K:IN:PD|PA:4:400K:GP:PP:1|PA:5:400K:IN:PU|PA:6:400K:GP:OD:PD:1|PA:7:400K:GP:PP:0|PA:8:400K:GP:OD:PD:0|PA:9:400K:GP:OD:1|PA:10:400K:GP:OD:PD:0|PA:11:400K:GP:OD:0|PA:12:400K:GP:OD:0|PA:13:400K:IN:PD|PA:14:400K:IN:PD|PA:15:400K:AN|PB:0:400K:GP:PP:0|PB:1:400K:GP:PP:PD:0|PB:2:400K:IN:PD|PB:3:400K:AN|PB:4:400K:GP:OD:PD:0|PB:5:400K:GP:PP:PU:1|PB:6:400K:IN:PU|PB:7:400K:GP:OD:0|PB:8:400K:GP:PP:PU:0|PB:9:400K:GP:OD:PD:1|PB:10:400K:GP:PP:PD:1|PB:11:400K:GP:OD:PU:0|PB:12:400K:GP:PP:PD:1|PB:13:400K:GP:PP:PD:1|PB:14:400K:GP:OD:PD:0|PB:15:400K:GP:PP:PD:1
#END:: ROUND 24
#********************
#BEGIN:: ROUND 25
1 15 0 14 1 13 11 0 10 7 10 6 6 14 14 15 0 4 14 15 10 3 13 6 0 11 5 8 5 5 10 5 1.84982
1 15 0 14 1 13 11 0 10 7 10 6 6 14 14 15 0 4 14 15 10 3 13 6 1 11 5 8 5 5 10 5 1.90094
1 15 0 14 1 13 11 0 10 7 10 6 6 14 14 15 0 4 14 15 10 3 13 6 2 11 5 8 5 5 10 5 2.03411
1 15 0 14 1 13 11 0 10 7 10 6 6 14 14 15 0 4 14 15 10 3 13 6 3 11 5 8 5 5 10 5 1.90064
1 15 0 14 1 13 11 0 10 7 10 6 6 14 14 15 0 4 14 15 10 3 13 6 4 11 5 8 5 5 10 5 1.85167
1 15 0 14 1 13 11 0 10 7 10 6 6 14 14 15 0 4 14 15 10 3 13 6 5 11 5 8 5 5 10 5 2.09156
1 15 0 14 1 13 11 0 10 7 10 6 6 14 14 15 0 4 14 15 10 3 13 6 6 11 5 8 5 5 10 5 1.85104
1 15 0 14 1 13 11 0 10 7 10 6 6 14 14 15 0 4 14 15 10 3 13 6 7 11 5 8 5 5 10 5 1.84804
1 15 0 14 1 13 11 0 10 7 10 6 6 14 14 15 0 4 14 15 10 3 13 6 8 11 5 8 5 5 10 5 2.04061
1 15 0 14 1 13 11 0 10 7 10 6 6 14 14 15 0 4 14 15 10 3 13 6 9 11 5 8 5 5 10 5 1.90117
1 15 0 14 1 13 11 0 10 7 10 6 6 14 14 15 0 4 14 15 10 3 13 6 10 11 5 8 5 5 10 5 1.85118
1 15 0 14 1 13 11 0 10 7 10 6 6 14 14 15 0 4 14 15 10 3 13 6 11 11 5 8 5 5 10 5 1.84978
1 15 0 14 1 13 11 0 10 7 10 6 6 14 14 15 0 4 14 15 10 3 13 6 12 11 5 8 5 5 10 5 1.85026
1 15 0 14 1 13 11 0 10 7 10 6 6 14 14 15 0 4 14 15 10 3 13 6 13 11 5 8 5 5 10 5 1.90166
1 15 0 14 1 13 11 0 10 7 10 6 6 14 14 15 0 4 14 15 10 3 13 6 14 11 5 8 5 5 10 5 1.85237
1 15 0 14 1 13 11 0 10 7 10 6 6 14 14 15 0 4 14 15 10 3 13 6 15 11 5 8 5 5 10 5 1.85279
#LOWEST POWER: 1.84804 ( 1 15 0 14 1 13 11 0 10 7 10 6 6 14 14 15 0 4 14 15 10 3 13 6 7 11 5 8 5 5 10 5 )
#PA:0:400K:GP:PP:1|PA:1:400K:AN|PA:2:400K:GP:PP:0|PA:3:400K:IN:PD|PA:4:400K:GP:PP:1|PA:5:400K:IN:PU|PA:6:400K:GP:OD:PD:1|PA:7:400K:GP:PP:0|PA:8:400K:GP:OD:PD:0|PA:9:400K:GP:OD:1|PA:10:400K:GP:OD:PD:0|PA:11:400K:GP:OD:0|PA:12:400K:GP:OD:0|PA:13:400K:IN:PD|PA:14:400K:IN:PD|PA:15:400K:AN|PB:0:400K:GP:PP:0|PB:1:400K:GP:PP:PD:0|PB:2:400K:IN:PD|PB:3:400K:AN|PB:4:400K:GP:OD:PD:0|PB:5:400K:GP:PP:PU:1|PB:6:400K:IN:PU|PB:7:400K:GP:OD:0|PB:8:400K:GP:OD:1|PB:9:400K:GP:OD:PD:1|PB:10:400K:GP:PP:PD:1|PB:11:400K:GP:OD:PU:0|PB:12:400K:GP:PP:PD:1|PB:13:400K:GP:PP:PD:1|PB:14:400K:GP:OD:PD:0|PB:15:400K:GP:PP:PD:1
#END:: ROUND 25
#********************
#BEGIN:: ROUND 26
1 15 0 14 1 13 11 0 10 7 10 6 6 14 14 15 0 4 14 15 10 3 13 6 7 0 5 8 5 5 10 5 1.85269
1 15 0 14 1 13 11 0 10 7 10 6 6 14 14 15 0 4 14 15 10 3 13 6 7 1 5 8 5 5 10 5 1.85268
1 15 0 14 1 13 11 0 10 7 10 6 6 14 14 15 0 4 14 15 10 3 13 6 7 2 5 8 5 5 10 5 2.04125
1 15 0 14 1 13 11 0 10 7 10 6 6 14 14 15 0 4 14 15 10 3 13 6 7 3 5 8 5 5 10 5 1.85266
1 15 0 14 1 13 11 0 10 7 10 6 6 14 14 15 0 4 14 15 10 3 13 6 7 4 5 8 5 5 10 5 1.85225
1 15 0 14 1 13 11 0 10 7 10 6 6 14 14 15 0 4 14 15 10 3 13 6 7 5 5 8 5 5 10 5 2.04498
1 15 0 14 1 13 11 0 10 7 10 6 6 14 14 15 0 4 14 15 10 3 13 6 7 6 5 8 5 5 10 5 1.85367
1 15 0 14 1 13 11 0 10 7 10 6 6 14 14 15 0 4 14 15 10 3 13 6 7 7 5 8 5 5 10 5 1.88249
1 15 0 14 1 13 11 0 10 7 10 6 6 14 14 15 0 4 14 15 10 3 13 6 7 8 5 8 5 5 10 5 2.04302
1 15 0 14 1 13 11 0 10 7 10 6 6 14 14 15 0 4 14 15 10 3 13 6 7 9 5 8 5 5 10 5 1.85454
1 15 0 14 1 13 11 0 10 7 10 6 6 14 14 15 0 4 14 15 10 3 13 6 7 10 5 8 5 5 10 5 1.85371
1 15 0 14 1 13 11 0 10 7 10 6 6 14 14 15 0 4 14 15 10 3 13 6 7 11 5 8 5 5 10 5 1.84804
1 15 0 14 1 13 11 0 10 7 10 6 6 14 14 15 0 4 14 15 10 3 13 6 7 12 5 8 5 5 10 5 1.8833
1 15 0 14 1 13 11 0 10 7 10 6 6 14 14 15 0 4 14 15 10 3 13 6 7 13 5 8 5 5 10 5 1.8551
1 15 0 14 1 13 11 0 10 7 10 6 6 14 14 15 0 4 14 15 10 3 13 6 7 14 5 8 5 5 10 5 1.85368
1 15 0 14 1 13 11 0 10 7 10 6 6 14 14 15 0 4 14 15 10 3 13 6 7 15 5 8 5 5 10 5 1.85253
#LOWEST POWER: 1.84804 ( 1 15 0 14 1 13 11 0 10 7 10 6 6 14 14 15 0 4 14 15 10 3 13 6 7 11 5 8 5 5 10 5 )
#PA:0:400K:GP:PP:1|PA:1:400K:AN|PA:2:400K:GP:PP:0|PA:3:400K:IN:PD|PA:4:400K:GP:PP:1|PA:5:400K:IN:PU|PA:6:400K:GP:OD:PD:1|PA:7:400K:GP:PP:0|PA:8:400K:GP:OD:PD:0|PA:9:400K:GP:OD:1|PA:10:400K:GP:OD:PD:0|PA:11:400K:GP:OD:0|PA:12:400K:GP:OD:0|PA:13:400K:IN:PD|PA:14:400K:IN:PD|PA:15:400K:AN|PB:0:400K:GP:PP:0|PB:1:400K:GP:PP:PD:0|PB:2:400K:IN:PD|PB:3:400K:AN|PB:4:400K:GP:OD:PD:0|PB:5:400K:GP:PP:PU:1|PB:6:400K:IN:PU|PB:7:400K:GP:OD:0|PB:8:400K:GP:OD:1|PB:9:400K:GP:OD:PD:1|PB:10:400K:GP:PP:PD:1|PB:11:400K:GP:OD:PU:0|PB:12:400K:GP:PP:PD:1|PB:13:400K:GP:PP:PD:1|PB:14:400K:GP:OD:PD:0|PB:15:400K:GP:PP:PD:1
#END:: ROUND 26
#********************
#BEGIN:: ROUND 27
1 15 0 14 1 13 11 0 10 7 10 6 6 14 14 15 0 4 14 15 10 3 13 6 7 11 0 8 5 5 10 5 2.35903
1 15 0 14 1 13 11 0 10 7 10 6 6 14 14 15 0 4 14 15 10 3 13 6 7 11 1 8 5 5 10 5 1.66109
1 15 0 14 1 13 11 0 10 7 10 6 6 14 14 15 0 4 14 15 10 3 13 6 7 11 2 8 5 5 10 5 2.54763
1 15 0 14 1 13 11 0 10 7 10 6 6 14 14 15 0 4 14 15 10 3 13 6 7 11 3 8 5 5 10 5 1.66295
1 15 0 14 1 13 11 0 10 7 10 6 6 14 14 15 0 4 14 15 10 3 13 6 7 11 4 8 5 5 10 5 2.36133
1 15 0 14 1 13 11 0 10 7 10 6 6 14 14 15 0 4 14 15 10 3 13 6 7 11 5 8 5 5 10 5 1.84804
1 15 0 14 1 13 11 0 10 7 10 6 6 14 14 15 0 4 14 15 10 3 13 6 7 11 6 8 5 5 10 5 2.36196
1 15 0 14 1 13 11 0 10 7 10 6 6 14 14 15 0 4 14 15 10 3 13 6 7 11 7 8 5 5 10 5 1.66245
1 15 0 14 1 13 11 0 10 7 10 6 6 14 14 15 0 4 14 15 10 3 13 6 7 11 8 8 5 5 10 5 2.54841
1 15 0 14 1 13 11 0 10 7 10 6 6 14 14 15 0 4 14 15 10 3 13 6 7 11 9 8 5 5 10 5 1.66241
1 15 0 14 1 13 11 0 10 7 10 6 6 14 14 15 0 4 14 15 10 3 13 6 7 11 10 8 5 5 10 5 2.36097
1 15 0 14 1 13 11 0 10 7 10 6 6 14 14 15 0 4 14 15 10 3 13 6 7 11 11 8 5 5 10 5 1.81267
1 15 0 14 1 13 11 0 10 7 10 6 6 14 14 15 0 4 14 15 10 3 13 6 7 11 12 8 5 5 10 5 1.66331
1 15 0 14 1 13 11 0 10 7 10 6 6 14 14 15 0 4 14 15 10 3 13 6 7 11 13 8 5 5 10 5 1.66353
1 15 0 14 1 13 11 0 10 7 10 6 6 14 14 15 0 4 14 15 10 3 13 6 7 11 14 8 5 5 10 5 1.81485
1 15 0 14 1 13 11 0 10 7 10 6 6 14 14 15 0 4 14 15 10 3 13 6 7 11 15 8 5 5 10 5 1.66329
#LOWEST POWER: 1.66109 ( 1 15 0 14 1 13 11 0 10 7 10 6 6 14 14 15 0 4 14 15 10 3 13 6 7 11 1 8 5 5 10 5 )
#PA:0:400K:GP:PP:1|PA:1:400K:AN|PA:2:400K:GP:PP:0|PA:3:400K:IN:PD|PA:4:400K:GP:PP:1|PA:5:400K:IN:PU|PA:6:400K:GP:OD:PD:1|PA:7:400K:GP:PP:0|PA:8:400K:GP:OD:PD:0|PA:9:400K:GP:OD:1|PA:10:400K:GP:OD:PD:0|PA:11:400K:GP:OD:0|PA:12:400K:GP:OD:0|PA:13:400K:IN:PD|PA:14:400K:IN:PD|PA:15:400K:AN|PB:0:400K:GP:PP:0|PB:1:400K:GP:PP:PD:0|PB:2:400K:IN:PD|PB:3:400K:AN|PB:4:400K:GP:OD:PD:0|PB:5:400K:GP:PP:PU:1|PB:6:400K:IN:PU|PB:7:400K:GP:OD:0|PB:8:400K:GP:OD:1|PB:9:400K:GP:OD:PD:1|PB:10:400K:GP:PP:1|PB:11:400K:GP:OD:PU:0|PB:12:400K:GP:PP:PD:1|PB:13:400K:GP:PP:PD:1|PB:14:400K:GP:OD:PD:0|PB:15:400K:GP:PP:PD:1
#END:: ROUND 27
#********************
#BEGIN:: ROUND 28
1 15 0 14 1 13 11 0 10 7 10 6 6 14 14 15 0 4 14 15 10 3 13 6 7 11 1 0 5 5 10 5 1.47213
1 15 0 14 1 13 11 0 10 7 10 6 6 14 14 15 0 4 14 15 10 3 13 6 7 11 1 1 5 5 10 5 0.751638
1 15 0 14 1 13 11 0 10 7 10 6 6 14 14 15 0 4 14 15 10 3 13 6 7 11 1 2 5 5 10 5 1.66223
1 15 0 14 1 13 11 0 10 7 10 6 6 14 14 15 0 4 14 15 10 3 13 6 7 11 1 3 5 5 10 5 0.752148
1 15 0 14 1 13 11 0 10 7 10 6 6 14 14 15 0 4 14 15 10 3 13 6 7 11 1 4 5 5 10 5 1.47312
1 15 0 14 1 13 11 0 10 7 10 6 6 14 14 15 0 4 14 15 10 3 13 6 7 11 1 5 5 5 10 5 0.94621
1 15 0 14 1 13 11 0 10 7 10 6 6 14 14 15 0 4 14 15 10 3 13 6 7 11 1 6 5 5 10 5 1.47267
1 15 0 14 1 13 11 0 10 7 10 6 6 14 14 15 0 4 14 15 10 3 13 6 7 11 1 7 5 5 10 5 0.753099
1 15 0 14 1 13 11 0 10 7 10 6 6 14 14 15 0 4 14 15 10 3 13 6 7 11 1 8 5 5 10 5 1.66109
1 15 0 14 1 13 11 0 10 7 10 6 6 14 14 15 0 4 14 15 10 3 13 6 7 11 1 9 5 5 10 5 0.752682
1 15 0 14 1 13 11 0 10 7 10 6 6 14 14 15 0 4 14 15 10 3 13 6 7 11 1 10 5 5 10 5 1.47265
1 15 0 14 1 13 11 0 10 7 10 6 6 14 14 15 0 4 14 15 10 3 13 6 7 11 1 11 5 5 10 5 0.905951
1 15 0 14 1 13 11 0 10 7 10 6 6 14 14 15 0 4 14 15 10 3 13 6 7 11 1 12 5 5 10 5 0.752638
1 15 0 14 1 13 11 0 10 7 10 6 6 14 14 15 0 4 14 15 10 3 13 6 7 11 1 13 5 5 10 5 0.751144
1 15 0 14 1 13 11 0 10 7 10 6 6 14 14 15 0 4 14 15 10 3 13 6 7 11 1 14 5 5 10 5 0.904749
1 15 0 14 1 13 11 0 10 7 10 6 6 14 14 15 0 4 14 15 10 3 13 6 7 11 1 15 5 5 10 5 0.752137
#LOWEST POWER: 0.751144 ( 1 15 0 14 1 13 11 0 10 7 10 6 6 14 14 15 0 4 14 15 10 3 13 6 7 11 1 13 5 5 10 5 )
#PA:0:400K:GP:PP:1|PA:1:400K:AN|PA:2:400K:GP:PP:0|PA:3:400K:IN:PD|PA:4:400K:GP:PP:1|PA:5:400K:IN:PU|PA:6:400K:GP:OD:PD:1|PA:7:400K:GP:PP:0|PA:8:400K:GP:OD:PD:0|PA:9:400K:GP:OD:1|PA:10:400K:GP:OD:PD:0|PA:11:400K:GP:OD:0|PA:12:400K:GP:OD:0|PA:13:400K:IN:PD|PA:14:400K:IN:PD|PA:15:400K:AN|PB:0:400K:GP:PP:0|PB:1:400K:GP:PP:PD:0|PB:2:400K:IN:PD|PB:3:400K:AN|PB:4:400K:GP:OD:PD:0|PB:5:400K:GP:PP:PU:1|PB:6:400K:IN:PU|PB:7:400K:GP:OD:0|PB:8:400K:GP:OD:1|PB:9:400K:GP:OD:PD:1|PB:10:400K:GP:PP:1|PB:11:400K:IN:PU|PB:12:400K:GP:PP:PD:1|PB:13:400K:GP:PP:PD:1|PB:14:400K:GP:OD:PD:0|PB:15:400K:GP:PP:PD:1
#END:: ROUND 28
#********************
#BEGIN:: ROUND 29
1 15 0 14 1 13 11 0 10 7 10 6 6 14 14 15 0 4 14 15 10 3 13 6 7 11 1 13 0 5 10 5 0.555684
1 15 0 14 1 13 11 0 10 7 10 6 6 14 14 15 0 4 14 15 10 3 13 6 7 11 1 13 1 5 10 5 0.556517
1 15 0 14 1 13 11 0 10 7 10 6 6 14 14 15 0 4 14 15 10 3 13 6 7 11 1 13 2 5 10 5 0.747049
1 15 0 14 1 13 11 0 10 7 10 6 6 14 14 15 0 4 14 15 10 3 13 6 7 11 1 13 3 5 10 5 0.556811
1 15 0 14 1 13 11 0 10 7 10 6 6 14 14 15 0 4 14 15 10 3 13 6 7 11 1 13 4 5 10 5 0.556178
1 15 0 14 1 13 11 0 10 7 10 6 6 14 14 15 0 4 14 15 10 3 13 6 7 11 1 13 5 5 10 5 0.751144
1 15 0 14 1 13 11 0 10 7 10 6 6 14 14 15 0 4 14 15 10 3 13 6 7 11 1 13 6 5 10 5 0.556488
1 15 0 14 1 13 11 0 10 7 10 6 6 14 14 15 0 4 14 15 10 3 13 6 7 11 1 13 7 5 10 5 0.556963
1 15 0 14 1 13 11 0 10 7 10 6 6 14 14 15 0 4 14 15 10 3 13 6 7 11 1 13 8 5 10 5 0.748293
1 15 0 14 1 13 11 0 10 7 10 6 6 14 14 15 0 4 14 15 10 3 13 6 7 11 1 13 9 5 10 5 0.557539
1 15 0 14 1 13 11 0 10 7 10 6 6 14 14 15 0 4 14 15 10 3 13 6 7 11 1 13 10 5 10 5 0.557404
1 15 0 14 1 13 11 0 10 7 10 6 6 14 14 15 0 4 14 15 10 3 13 6 7 11 1 13 11 5 10 5 0.557227
1 15 0 14 1 13 11 0 10 7 10 6 6 14 14 15 0 4 14 15 10 3 13 6 7 11 1 13 12 5 10 5 0.557792
1 15 0 14 1 13 11 0 10 7 10 6 6 14 14 15 0 4 14 15 10 3 13 6 7 11 1 13 13 5 10 5 0.556751
1 15 0 14 1 13 11 0 10 7 10 6 6 14 14 15 0 4 14 15 10 3 13 6 7 11 1 13 14 5 10 5 0.557025
1 15 0 14 1 13 11 0 10 7 10 6 6 14 14 15 0 4 14 15 10 3 13 6 7 11 1 13 15 5 10 5 0.556958
#LOWEST POWER: 0.555684 ( 1 15 0 14 1 13 11 0 10 7 10 6 6 14 14 15 0 4 14 15 10 3 13 6 7 11 1 13 0 5 10 5 )
#PA:0:400K:GP:PP:1|PA:1:400K:AN|PA:2:400K:GP:PP:0|PA:3:400K:IN:PD|PA:4:400K:GP:PP:1|PA:5:400K:IN:PU|PA:6:400K:GP:OD:PD:1|PA:7:400K:GP:PP:0|PA:8:400K:GP:OD:PD:0|PA:9:400K:GP:OD:1|PA:10:400K:GP:OD:PD:0|PA:11:400K:GP:OD:0|PA:12:400K:GP:OD:0|PA:13:400K:IN:PD|PA:14:400K:IN:PD|PA:15:400K:AN|PB:0:400K:GP:PP:0|PB:1:400K:GP:PP:PD:0|PB:2:400K:IN:PD|PB:3:400K:AN|PB:4:400K:GP:OD:PD:0|PB:5:400K:GP:PP:PU:1|PB:6:400K:IN:PU|PB:7:400K:GP:OD:0|PB:8:400K:GP:OD:1|PB:9:400K:GP:OD:PD:1|PB:10:400K:GP:PP:1|PB:11:400K:IN:PU|PB:12:400K:GP:PP:0|PB:13:400K:GP:PP:PD:1|PB:14:400K:GP:OD:PD:0|PB:15:400K:GP:PP:PD:1
#END:: ROUND 29
#********************
#BEGIN:: ROUND 30
1 15 0 14 1 13 11 0 10 7 10 6 6 14 14 15 0 4 14 15 10 3 13 6 7 11 1 13 0 0 10 5 0.365987
1 15 0 14 1 13 11 0 10 7 10 6 6 14 14 15 0 4 14 15 10 3 13 6 7 11 1 13 0 1 10 5 0.366219
1 15 0 14 1 13 11 0 10 7 10 6 6 14 14 15 0 4 14 15 10 3 13 6 7 11 1 13 0 2 10 5 0.556326
1 15 0 14 1 13 11 0 10 7 10 6 6 14 14 15 0 4 14 15 10 3 13 6 7 11 1 13 0 3 10 5 0.367212
1 15 0 14 1 13 11 0 10 7 10 6 6 14 14 15 0 4 14 15 10 3 13 6 7 11 1 13 0 4 10 5 0.366365
1 15 0 14 1 13 11 0 10 7 10 6 6 14 14 15 0 4 14 15 10 3 13 6 7 11 1 13 0 5 10 5 0.555684
1 15 0 14 1 13 11 0 10 7 10 6 6 14 14 15 0 4 14 15 10 3 13 6 7 11 1 13 0 6 10 5 0.369229
1 15 0 14 1 13 11 0 10 7 10 6 6 14 14 15 0 4 14 15 10 3 13 6 7 11 1 13 0 7 10 5 0.368279
1 15 0 14 1 13 11 0 10 7 10 6 6 14 14 15 0 4 14 15 10 3 13 6 7 11 1 13 0 8 10 5 0.557996
1 15 0 14 1 13 11 0 10 7 10 6 6 14 14 15 0 4 14 15 10 3 13 6 7 11 1 13 0 9 10 5 0.367777
1 15 0 14 1 13 11 0 10 7 10 6 6 14 14 15 0 4 14 15 10 3 13 6 7 11 1 13 0 10 10 5 0.369712
1 15 0 14 1 13 11 0 10 7 10 6 6 14 14 15 0 4 14 15 10 3 13 6 7 11 1 13 0 11 10 5 0.369512
1 15 0 14 1 13 11 0 10 7 10 6 6 14 14 15 0 4 14 15 10 3 13 6 7 11 1 13 0 12 10 5 0.369397
1 15 0 14 1 13 11 0 10 7 10 6 6 14 14 15 0 4 14 15 10 3 13 6 7 11 1 13 0 13 10 5 0.369586
1 15 0 14 1 13 11 0 10 7 10 6 6 14 14 15 0 4 14 15 10 3 13 6 7 11 1 13 0 14 10 5 0.371298
1 15 0 14 1 13 11 0 10 7 10 6 6 14 14 15 0 4 14 15 10 3 13 6 7 11 1 13 0 15 10 5 0.369997
#LOWEST POWER: 0.365987 ( 1 15 0 14 1 13 11 0 10 7 10 6 6 14 14 15 0 4 14 15 10 3 13 6 7 11 1 13 0 0 10 5 )
#PA:0:400K:GP:PP:1|PA:1:400K:AN|PA:2:400K:GP:PP:0|PA:3:400K:IN:PD|PA:4:400K:GP:PP:1|PA:5:400K:IN:PU|PA:6:400K:GP:OD:PD:1|PA:7:400K:GP:PP:0|PA:8:400K:GP:OD:PD:0|PA:9:400K:GP:OD:1|PA:10:400K:GP:OD:PD:0|PA:11:400K:GP:OD:0|PA:12:400K:GP:OD:0|PA:13:400K:IN:PD|PA:14:400K:IN:PD|PA:15:400K:AN|PB:0:400K:GP:PP:0|PB:1:400K:GP:PP:PD:0|PB:2:400K:IN:PD|PB:3:400K:AN|PB:4:400K:GP:OD:PD:0|PB:5:400K:GP:PP:PU:1|PB:6:400K:IN:PU|PB:7:400K:GP:OD:0|PB:8:400K:GP:OD:1|PB:9:400K:GP:OD:PD:1|PB:10:400K:GP:PP:1|PB:11:400K:IN:PU|PB:12:400K:GP:PP:0|PB:13:400K:GP:PP:0|PB:14:400K:GP:OD:PD:0|PB:15:400K:GP:PP:PD:1
#END:: ROUND 30
#********************
#BEGIN:: ROUND 31
1 15 0 14 1 13 11 0 10 7 10 6 6 14 14 15 0 4 14 15 10 3 13 6 7 11 1 13 0 0 0 5 0.370034
